sp	stat	naturalized	invasive	LA	SM	H	mpds	min	mpds_weighted	bio_1_native	bio_10_native	bio_11_native	bio_12_native	bio_13_native	bio_14_native	bio_15_native	bio_16_native	bio_17_native	bio_18_native	bio_19_native	bio_2_native	bio_3_native	bio_4_native	bio_5_native	bio_6_native	bio_7_native	bio_8_native	bio_9_native	year_p	Area_p	euclid_p	F_pres	nmi_p	bio_1_p	bio_10_p	bio_11_p	bio_12_p	bio_13_p	bio_14_p	bio_15_p	bio_16_p	bio_17_p	bio_18_p	bio_19_p	bio_2_p	bio_3_p	bio_4_p	bio_5_p	bio_6_p	bio_7_p	bio_8_p	bio_9_p
Agave sisalana	nat	1	0	7665.237837	7.4388	3.040096156	264.1212247	44.549292	12.62851521	23.79757504	25.91286478	21.19393444	1060.952381	194.9047619	19.80952381	80.79316239	514.3333333	70.23809524	322.8571429	93	13.24154849	67.59443665	193.7296771	33.56796692	13.9136398	19.65432707	25.14992728	22.67620909	157	64067.69459	8.867875327	4.980877809	0.108280694	0.526234718	-0.012864749	1.077494213	-289.6428499	-47.69047674	-7.214285737	-10.50268546	-137.5000029	-21.04761937	-172.8095251	58.28571592	-3.50821528	1.24127715	-42.55348496	-1.894157183	3.60302689	-5.497184299	-0.130879811	1.604743231
Albizia lebbeck	inv	1	1	275	119.805	6.562	227.6992072	51.06034	12.12499089	25.27459815	29.28046696	20.6517187	1150.881295	298.9064748	8.169064748	102.5085282	726.1726619	35.55035971	316.0827338	96.78057554	11.38477705	51.59538309	348.2177333	35.93687607	13.2872284	22.64964772	27.01712448	22.41670528	225	224876.4785	6.173370428	7.616003819	0.549868067	0.788735168	-1.730467149	3.624948324	-242.0812889	-87.573142	0.19760195	-12.08186267	-196.6059916	-0.783692823	-175.0494006	21.55275614	-1.448110325	19.39128378	-213.6377318	-2.506876338	6.009438316	-8.516314224	-0.553791157	3.343294568
Alpinia zerumbet	exo	0	0	14860.63009	17.4992	1.5707965	262.2933293	95.377312	15.61131486	21.26814832	26.2696781	15.52251463	2165.575	393.5333333	51.89166667	69.24335688	1042.833333	180.6666667	917.0416667	227.75	6.455870664	35.03206666	442.3184558	30.10808891	11.38126852	18.72682033	25.07103107	16.89947309	229	336805.8552	12.29973913	26.50376953	0.261269115	4.965184951	1.291433032	9.152485398	-1246.797211	-190.5888893	-44.08611104	19.59275451	-525.3055534	-150.3611108	-789.4861128	-34.02778061	3.649684989	37.80404504	-323.5295678	3.425244077	8.196509023	-4.771264815	1.217858338	9.194971029
Amaranthus blitum	nat	1	0	878.3508053	0.16	0.429	244.5149672	65.087106	30.20238989	11.37748821	19.01206797	4.019587659	869.8596382	110.790393	43.72738615	27.54362619	299.5327511	147.5159077	244.3462258	192.0798503	8.740931784	35.43464802	613.6978655	25.18086158	0.044409182	25.13645238	12.99526283	9.641468763	224	322828.8942	5.470019208	52.03822882	0.137108845	13.90167849	7.92959863	19.13041244	-221.0263023	40.83460603	-36.93571943	61.52720654	67.96724891	-120.7659079	-136.4295598	-87.45485028	1.634068216	33.76951839	-457.0603657	8.098304878	18.23059091	-10.13228566	12.59223703	15.0751977
Amaranthus spinosus	nat	1	0	3332.678074	0.194	1.5	246.0866919	65.087105	8.861958563	24.121413	25.08924098	23.09465814	1998.747748	308.4864865	51.53153153	59.65507743	811.5405405	192.7027027	526.3333333	463.3063063	9.683499156	79.19863929	82.56338551	30.38531803	17.96445908	12.42085895	24.42385172	23.65827024	237	427457.7736	7.949328475	40.03585314	0.418337883	1.907817647	2.426143719	1.174059877	-1178.804157	-116.8659743	-44.18794174	32.34389648	-335.3713098	-163.0616771	-406.9692303	-325.6652808	0.538039359	-8.246844391	51.18430672	3.206989599	1.164258841	2.04273085	1.77717382	2.164806739
Ananas comosus	exo	0	0	21606.23593	2.009133333	0.914	260.0572114	22.46263	12.23994529	23.42708949	25.08973405	21.47133015	1755.544538	267.2890756	47.14117647	56.68963465	737.7260504	168.1495798	443.9344538	375.8033613	10.63921338	69.8050424	150.7499633	30.95752676	15.27037182	15.68715494	24.19035725	22.07440768	422	39649.83706	5.924842905	2.880438155	0.496828064	0.021058386	-0.282326671	0.32866994	-726.6556489	-55.17796452	-34.32636159	26.31777264	-188.1334601	-121.4088392	-194.527045	-230.3959517	0.297823667	0.05421731	-25.94255423	0.472103093	0.451850404	0.020252479	-0.338505045	0.188555505
Andropogon gayanus	inv	1	1	675	2.5584	3.5	254.4051947	5.90498	9.703608107	23.4068766	26.53987013	19.37178348	612.1038961	141.4285714	6.090909091	102.8218365	368.3506494	21.2987013	236.5194805	22.46753247	13.67091325	60.06802799	296.5311465	33.60732455	10.74561042	22.86171418	25.71370561	19.92588742	105	452562.1903	5.830941662	14.33954689	0.541260042	2.965345663	1.426796414	5.33932743	299.5905416	76.29364995	-1.174242385	-3.344059065	180.3160199	2.673521268	-76.60281481	104.9769139	-2.507024478	9.809749108	-163.4505909	1.081564635	7.898833963	-6.817269775	0.691849799	5.424112487
Annona muricata	exo	0	0	9050	391.336	6.09	270.8685477	28.441229	12.86939135	24.29655197	26.08790449	22.14684892	1511.369427	285.1019108	30.22929936	83.2154916	757.1273885	106.3630573	522.3757962	166.6050955	11.25157315	70.26857364	163.4354121	32.27086755	15.92398618	16.34688139	25.44405146	23.38497231	178	49387.9296	8.812196083	6.726264957	0.556211377	0.829205599	0.525731877	1.171332816	-588.2633809	-93.04130465	-17.7444509	-2.860946185	-265.7031463	-59.0903299	-378.1485247	52.30399433	-1.469755041	-0.235239601	-26.15359474	0.159435592	2.410862267	-2.251426873	-0.421324098	1.680179083
Annona reticulata	exo	0	0	6008.695933	239.2	6.09	270.9808501	35.521535	11.12839063	25.40497754	26.28968913	24.35831121	2082.666667	313.5333333	46.93333333	52.540065	814.8666667	187.2	432.0666667	567.6	9.99608895	78.67593002	79.93558566	31.92933337	19.05626685	12.87306646	25.3920887	25.23453331	218	401003.9706	6.703984905	5.26129108	0.07327291	-0.510533079	0.221421814	-1.274977875	-1118.055562	-112.4777799	-34.76666691	28.80993411	-293.0888804	-134.3666667	-273.2888887	-303.8222176	0.798355611	-8.859261831	63.40885735	1.103999774	-1.506267134	2.610266813	-0.203199514	-0.878977458
Argemone mexicana	inv	1	1	3816.709304	1.848	1	264.8287001	225.876142	8.960290802	22.58579708	25.48130858	19.22372535	1063.17623	210.4364754	16.29508197	84.37472045	541.6188525	59.9057377	341.8995902	93.94672131	12.95436436	63.80232961	257.1653943	32.59304028	11.88006016	20.71298016	24.56579503	20.8385739	220	214355.0505	9.899051467	49.22799022	0.38574559	2.539713004	1.261208448	3.798383447	-397.4279307	-62.92627156	-9.298483351	1.476640102	-176.1358592	-31.3411119	-207.8553724	14.85599952	-2.33633713	5.68644611	-102.546687	0.492674017	5.895109885	-5.40243591	1.195089289	3.600541724
Aristida adscensionis	inv	1	1	70.2	0.606	0.304	255.1188239	19.521018	9.197524523	21.17719749	25.12839371	16.51171696	548.2293907	117.3243728	4.940860215	87.51376005	301.3458781	20.71326165	185.4050179	71.21146953	13.89925799	59.06903091	355.9466818	32.51225854	8.288005071	24.22425347	23.23096689	17.98166328	229	225078.1	6.726825643	45.17893847	0.466470848	4.527853039	2.229687066	7.145858763	138.0837382	46.34734514	1.018735743	4.320583481	96.32079015	3.832192767	-49.53128001	10.55620748	-3.011379166	10.39763545	-203.4416313	1.356428627	9.866035295	-8.509607026	3.114992692	6.878942736
Artemisia vulgaris	exo	0	0	2373.93	0.144	1.377	234.1739613	37.886161	14.51068641	9.500318816	17.13261212	2.191795459	819.0060484	96.1797235	44.20218894	24.95069598	267.0423387	148.7456797	210.9547811	198.3093318	8.289395437	34.10008195	612.3942484	23.11586085	-1.476947943	24.59280881	11.23823453	7.721842238	120	406872.1951	7.527373255	108.7004957	-0.052811184	16.39968137	10.35738803	21.73487137	-75.97272014	60.52027802	-32.76885561	60.19263707	135.2576598	-105.7123461	-90.5214479	-64.942665	1.837271109	35.82658584	-465.8909159	10.40413903	20.49694783	-10.09280862	14.58509902	17.8081575
Artocarpus altilis	nat	1	0	80944	5898	13.47	243.338353	28.388399	9.721040346	25.68992709	26.25544016	24.95526475	2603.278689	355.6803279	105.5081967	41.66548945	974.4344262	357.3032787	660.4754098	590.5655738	8.159829413	82.01327043	55.14531767	30.78857455	20.77094997	10.01762458	25.64359554	25.45165282	259	37878.00166	7.912227322	10.24684372	-0.586677442	-2.823260292	-2.408773066	-3.415264596	-1360.345351	-115.0803279	-86.10819682	33.43451208	-346.101101	-290.3032787	-461.6754098	-360.8322409	0.960170854	-10.86660523	41.28801592	-1.475241417	-4.330949813	2.855708777	-2.830262409	-2.538318931
Artocarpus heterophyllus	nat	1	0	6877.84	9491.546	14	242.6705711	84.927726	16.51276405	24.60125214	27.0440763	21.74011748	2089.619687	432.2348993	37.53467562	78.84122143	1084.93736	139.8255034	538.3378076	367.409396	8.891835918	60.48627069	217.7540851	32.17905253	16.16747982	16.0115727	25.51555214	22.75043975	360	43091.65261	7.173102215	4.452716698	0.530566557	-1.115537905	-2.203599988	-0.066307888	-1011.762544	-232.9968034	-20.08229457	-8.953126123	-555.6754561	-75.87312263	-347.9806641	-111.885586	0.860544998	9.670871131	-85.6017037	-1.545719326	0.496805844	-2.042525087	-1.758409252	0.666226961
Averrhoa carambola	exo	0	0	2378.868631	0.60396	8	242.6213612	91.338587	17.07976735	23.96410847	27.08750449	20.13241126	1932.427184	315.9708738	46.6407767	62.39867886	854.0776699	171.0776699	646.9029126	336.8834951	8.035168037	57.94692912	289.2097531	31.53841258	15.33365619	16.20475647	26.32819194	21.12395271	224	285464.2319	5.950110794	9.435575167	-0.078889909	1.735891342	-0.187504552	4.112033267	-825.5938511	-93.1097631	-32.11299859	18.07632184	-270.4943366	-118.6054481	-490.9029113	-57.57793662	1.350943183	15.55584862	-180.1319749	0.700476165	4.058010298	-3.357534061	-0.686525212	4.795491694
Azadirachta indica	inv	1	1	675	232.758	15	242.5922827	93.484964	11.57530588	26.20770297	30.86688391	20.98218377	1071.424084	294.3333333	4.633507853	113.7152802	707.7434555	25.67888307	213.1762653	148.0104712	11.46258422	48.77358614	397.6072559	38.16308728	13.61129324	24.551794	27.39591619	24.3592081	76	245048.4429	5.806404491	27.97543179	0.639061162	0.648778529	-2.673365432	4.509483022	-161.7944527	-71.95370399	1.394269951	-13.36620607	-153.2341989	-0.42888282	-103.0095983	19.22101096	-1.196843492	24.29863646	-286.3979965	-3.851976037	6.550743759	-10.40271989	-0.631101287	2.373199314
Bauhinia monandra	exo	0	0	20868.46955	199.8	5.1816	234.4210325	25.613708	11.99392486	24.88750057	26.50385882	22.47205168	1501.233333	360.7666667	15.13333333	105.3236776	919.1	59.76666667	645.4	71.93333333	11.5090109	68.52397334	170.700189	32.47995122	15.66141925	16.81853199	26.22796987	22.86026624	173	220279.1444	4.875311206	12.42151615	-0.985497538	0.194165897	-0.012192218	0.889615186	-641.9999914	-175.9499987	-4.800000068	-21.4770099	-450.0500015	-19.85000054	-496.2999983	91.40000002	-1.379010932	2.602693494	-40.60185541	0.001715628	2.550247145	-2.548532057	-0.846303209	1.904733626
Bidens pilosa	nat	1	0	463.61	1.805	0.9	230.5243485	10.030346	7.791477767	20.14732338	22.51815104	17.41626546	1273.320051	226.8226221	26.14781491	77.05821128	596.8316195	97.03341902	367.3881748	186.3033419	12.6911192	68.11875201	209.6440667	29.65918891	10.31780997	19.34137892	21.52362144	19.08582429	292	203290.8698	6.193567887	53.87033194	0.519891051	4.648509968	3.888579667	5.328285926	-528.8456938	-69.47005766	-16.45550719	3.765186371	-200.7450834	-57.85072672	-214.9170206	-60.81936766	-2.20329868	1.02387637	-57.28893801	3.007477672	7.157831099	-4.150353261	3.766122112	5.087572995
Boerhavia coccinea	nat	1	0	2521.329349	1.142	0.384641448	246.7781101	86.020246	9.252208277	20.85495732	26.21707968	15.31193948	737.4560847	142.352381	14.80740741	75.95931523	366.5269841	55.26349206	245.6603175	97.22010582	13.99796735	56.37982203	446.8545726	33.86408124	7.577181414	26.28689985	23.63924546	19.22532747	244	657566.1384	6.960481559	25.68719479	0.649666812	5.267264886	1.486960793	8.932504994	-13.12274762	26.83953739	-8.847811482	13.47502886	48.45281139	-29.95036062	-119.5795087	27.30514597	-3.443421919	14.04644045	-302.496997	0.127837501	11.36019232	-11.23235445	2.786007166	6.340329019
Boerhavia diffusa	inv	1	1	1686.018789	2.473	0.38264927	246.629122	86.020246	8.419253764	23.37397745	26.28183818	20.08067342	1126.140449	215.1797753	19.47752809	82.55587304	559.8876404	73.33146067	369.9101124	158.9101124	11.8279183	63.14302801	254.954274	32.71095924	13.32487519	19.38608406	25.04581611	21.75329829	175	324313.7761	10.81720883	27.34340318	0.467009169	2.42932292	1.1082609	3.741768837	-415.0117393	-50.44050153	-12.02868318	6.327295252	-153.8150343	-43.25885335	-243.5272743	-50.91341321	-1.465212008	6.671823389	-107.2899175	0.831284886	5.335190836	-4.503905852	1.231081546	3.532840203
Bougainvillea glabra	exo	0	0	4174.107927	36.29084545	15	246.5023697	13.738748	9.056812964	20.55013235	22.87582608	17.89310918	1440.155	217.785	45.21	52.08991786	594.23	161.545	479.115	243.235	10.72531615	65.37067711	206.5262097	28.46974549	11.65174846	16.81799703	22.0826429	18.63257733	243	44714.52058	5.949508676	24.9995637	0.556150392	3.868915282	3.022983419	4.489033774	-675.0121385	-69.33261941	-33.18619043	22.84936756	-211.1109542	-114.3664286	-254.2221412	-151.7945236	0.023493389	4.630513622	-58.09287721	3.711206788	5.131584804	-1.42037792	3.242357042	4.344803764
Caesalpinia pulcherrima	exo	0	0	11289.10831	181.82	5	231.8856849	55.328889	8.217012528	23.89087419	26.9709608	20.38362861	1088.942356	233.1528822	14.07769424	94.4897736	608.0200501	52.09022556	391.6140351	87.76441103	13.91594476	64.20058104	271.9288626	34.61488	12.48758843	22.12729156	26.09248009	22.6821131	237	288318.5541	9.275850754	24.44697458	0.436154557	1.87985753	0.23473033	3.617997471	-305.6984512	-65.52686564	-4.370377157	-12.6783914	-184.9550116	-13.27721772	-237.1424899	47.85347426	-3.563099185	6.940069643	-137.8711391	-1.279920593	6.227858667	-7.507779323	0.141666358	2.372358407
Calotropis procera	inv	1	1	17989.73191	8.802	6	227.7389434	12.876662	7.673224142	25.12317079	30.38335744	19.27844208	493.6402049	141.9769526	2.259923175	105.2578348	333.3085787	11.85147247	112.9180538	62.57106274	12.88173753	51.11215064	453.756611	37.9195221	11.51140366	26.40811844	24.98901094	25.40346784	150	272812.4088	9.040999033	92.92614183	0.448803524	0.821691418	-2.967818527	4.857898827	276.7257108	35.97041528	4.351605641	-13.80946383	112.0899168	14.89539463	27.89648217	49.05550357	-2.363692338	19.90388947	-318.4741549	-4.298970743	7.224937089	-11.52390787	1.34507431	-0.077653313
Carica papaya	nat	1	0	39553.88	22.164	6.045	243.4784395	37.081704	11.89718947	23.49705649	25.44439783	21.26212491	1650.741525	272.8440678	40.57542373	66.66153595	724.370339	144.790678	454.6355932	291.8161017	10.88251709	69.10908668	172.9123523	31.44387596	15.18003704	16.26383892	24.52703476	22.33543495	422	74310.72973	11.57386932	18.14800167	0.584525447	2.245285914	1.752899393	2.733370496	-801.8045929	-92.46568942	-30.75560389	17.55738262	-263.8117807	-107.0339212	-325.0680256	-108.9872722	-0.575309921	1.859382067	-39.54298178	1.836304227	3.511854991	-1.675550721	1.269361749	3.420420717
Casuarina equisetifolia	exo	0	0	11	2.685	21.193	243.1564444	218.137297	20.51552362	24.31423405	26.67817153	21.50318805	1780.992157	298.9333333	50	63.51882608	799.9098039	180.545098	536.2941176	306.2117647	8.250321588	60.72618068	210.8568588	31.14769443	16.75855198	14.38914249	25.69883051	22.42917522	218	195108.8476	6.450042088	3.804290071	0.652246875	2.825765722	1.628495037	4.183478815	-798.1254699	-71.93333639	-43.40000014	35.841173	-217.5764848	-155.345098	-388.227452	-147.0117639	0.996344843	13.96048619	-105.4635276	2.512305413	4.434781076	-1.922476073	1.66116934	5.097491425
Catharanthus roseus	inv	1	1	2098.713995	1.415	0.50967692	228.77099	26.681466	8.143425577	22.39172558	25.09322725	18.93456339	1360.592593	262.7592593	27.57407407	82.8955117	704.5185185	104.1851852	659.962963	142.0185185	11.93182582	64.30970588	257.2064907	30.81913634	12.32917545	18.4899609	25.02062808	19.7631567	244	161452.6382	7.216829577	29.60602482	-0.360997299	3.078066194	1.798439346	4.757103452	-556.4571823	-88.13426069	-18.06365739	1.173238922	-265.2581034	-67.98726863	-534.5671283	49.88773282	-1.84849248	7.091335632	-124.3814905	2.09544681	6.419782784	-4.324335984	0.76270522	5.660801665
Cenchrus ciliaris	inv	1	1	225	1.024	0.909	254.5583656	12.035007	8.935547864	21.71173614	26.16893697	16.39439262	453.8030113	98.28607277	5.229611041	86.14524925	244.6072773	21.48933501	162.2521957	47.13801757	13.59044738	56.40024605	403.3934181	33.35250311	8.47529059	24.8772125	23.02319046	19.81865295	168	293863.1291	9.22168837	81.03909975	0.550336809	3.900475159	1.065056557	7.195706372	253.1606855	61.20237659	1.965108427	-0.472641789	150.3201153	8.2235363	-21.4436145	57.66066249	-2.90694899	13.42516659	-252.2142099	0.207232816	9.745831472	-9.538598693	3.192651156	4.989927847
Cenchrus echinatus	inv	1	1	2181.65708	17.2	0.346329724	254.3870266	12.035007	8.917380703	22.01211768	26.13001666	17.41160016	1076.427699	194.7678208	27.36252546	73.72315557	510.4704684	99.68431772	362.8594705	145.8594705	12.86681619	57.45567975	358.0338816	33.10151292	10.11842115	22.98309176	24.41740457	20.48264855	244	266025.3041	9.257438782	43.99644943	0.591436826	4.030306572	1.37180146	6.872642195	-270.5246657	-8.240548324	-18.99282847	16.87199602	-45.64016892	-66.48431772	-233.5018947	-14.40492463	-2.6910586	13.78977472	-225.5332753	0.418487013	9.041578764	-8.623091738	1.819565114	5.256745168
Cenchrus pedicellatus	nat	1	0	1026.336624	0.571995088	0.78799517	258.4411477	12.035007	16.09623001	26.9344308	29.98608311	24.4062633	961.2913907	245.3245033	1.59602649	113.306124	615.3509934	10.31788079	146.3907285	275.6721854	12.39821564	59.96482699	227.7204594	37.48096553	16.44943901	21.03152657	25.98936541	25.56466493	124	128411.1647	18.30493181	16.62132156	0.261646392	-0.159430709	-1.957749735	1.190403417	71.40860927	-1.141169724	5.203973558	-14.51445762	-6.4509888	16.18211925	-24.47406264	-49.32218457	-2.441548979	14.36350668	-127.4721244	-3.634298529	3.917227598	-7.551526696	0.462301228	1.37533522
Cenchrus polystachios	inv	1	1	1157.205451	0.411735725	0.596327972	256.1492681	12.035008	14.98954883	23.85447416	25.76782618	21.87341627	1445.083333	300.6	20.08333333	85.59915428	745.85	81.15	375.15	282.8833333	10.43176481	67.0347304	161.3055764	31.73504764	15.9423892	15.79265846	24.07682658	22.83848471	216	112437.0924	7.816538334	3.163533351	0.54053537	1.740397505	1.286020037	2.024019722	-532.5192323	-83.54871462	-13.0576923	9.826487292	-203.3115385	-52.17564129	-267.0730772	-86.90897485	0.068235117	4.51398739	-30.78763026	1.562388118	2.637098091	-1.074709763	1.705224799	2.625617817
Cenchrus purpureus	nat	1	0	2151.187383	0.713830876	1.411591657	254.3770574	12.035007	10.11546158	23.76840324	25.38213559	22.02561859	1350.038136	240.5338983	15.40254237	75.31114702	627.7966102	67.46610169	313.6101695	342.7161017	10.70450138	69.85716315	138.7666808	31.71988136	16.02647455	15.69340683	23.67544063	23.01204228	153	185383.4035	9.365476913	8.564623767	0.459606063	1.666263738	1.635197636	1.501047979	-589.4914669	-64.96056487	-7.309208995	13.91951948	-194.7566151	-35.4394349	-176.1168358	-243.2627685	-0.16850147	0.112169426	5.409318998	1.565452116	2.184192064	-0.618740042	2.065892759	1.698624372
Chenopodium murale	inv	1	1	316	0.621	0.466	246.2636348	87.322517	8.786790645	13.7772385	21.3144557	7.042545044	601.0733333	77.58666667	22.42	38.8861597	211.3511111	86.56222222	110.4555556	169.3111111	10.26434443	38.90676943	586.9420977	28.60657439	2.186873993	26.41970042	12.43032178	17.01118783	244	51738.86157	6.699125131	42.26315633	-0.244200548	10.18686402	4.2675955	14.69591667	102.8753807	45.36205206	-7.471282002	27.94204482	109.1617063	-30.30581236	60.03162354	-24.95213695	-0.16947269	29.2496402	-424.9677383	2.972912898	14.63363885	-11.6607262	12.05685761	6.396504861
Chloris gayana	nat	1	0	3019	0.307	1.27	255.9724836	4.805397	21.58429117	20.54756396	23.42853236	16.99410874	794.2390244	141.5073171	13.70731707	73.06382161	375.3609756	52.16585366	289.9756098	84.82439024	12.40573475	62.21943689	266.0563797	29.76642559	9.414270354	20.35215529	22.53294129	17.57391273	144	270937.4239	9.178410839	5.898142096	0.510420829	5.439102913	4.098134283	7.00589126	17.69430081	14.15935163	-2.373984058	0.056179614	35.90568394	-5.232521406	-164.5089441	105.3756128	-2.445734708	7.90056357	-118.2430481	3.520241277	9.605729722	-6.085488687	3.133725501	8.766087039
Citrullus lanatus	inv	1	1	8834.419566	77.424	0.965	242.7725733	40.276678	11.91284131	20.36997737	24.56228571	15.61141441	683.8591549	126.2887324	7.246478873	72.48583426	328.2887324	30.07746479	200.3591549	154.5	13.06054276	57.31871377	368.460232	31.36810128	7.898754523	23.4693467	21.31313276	18.28693372	422	441628.5245	5.30004816	12.58106091	0.493844837	6.304381881	3.61463746	9.360380456	79.3459631	52.89075557	-0.554171218	19.47057549	113.9676822	-1.128746975	-81.97453954	-2.423075456	-2.440030089	13.9325668	-235.7551031	3.167796047	11.67816855	-8.51037238	5.561226368	8.023322353
Clitoria ternatea	nat	1	0	3879.350718	47.29	0.549348726	233.0011338	29.505945	8.526886759	24.27860329	26.06846609	22.12406428	994.0080645	216.983871	11.08870968	88.93898066	530.2822581	48	321.6935484	145.3225806	10.75155899	68.67957257	162.6221594	32.06256948	16.23264966	15.82991978	25.05010523	23.0900461	243	455166.3288	7.519681429	7.290139418	0.563587506	2.151281717	1.755671824	2.662142725	-152.7781788	-25.85743506	-3.502502797	2.073663224	-53.40869555	-17.13793074	-191.9004457	-11.06970693	-0.246961345	3.525025432	-37.09917096	1.932833087	3.165051403	-1.23221881	1.56483712	3.008804349
Cocos nucifera	exo	0	0	18166.75	503988.826	18.28	261.9974096	16.57905395	28.19726716	24.81651485	26.21700042	23.14158247	2122.507177	321.3588517	69.18660287	54.05639143	870.0191388	241.8038278	593.6315789	413.4066986	8.08809815	71.37973601	125.9481973	30.6386133	18.71453203	11.92408128	25.48286268	23.82495685	422	395708.8256	5.063444063	14.24105466	0.499943385	1.835336905	1.675592113	2.125084259	-1161.877538	-101.4699645	-60.29771393	38.14360912	-313.5376629	-207.7482724	-462.0019477	-187.2400323	1.685975902	2.114709366	-16.85375277	2.948423783	1.448431046	1.499992626	1.018989358	2.87133942
Coffea arabica	exo	0	0	3760.28	189.904	4.57	228.6400441	14.1550516	8.319338159	19.83647356	21.42874994	18.06525926	1268.098039	225.745098	23.94117647	67.11716929	564.7254902	94.43137255	344.3921569	251.9019608	12.33306916	71.32897074	138.6561127	28.39982676	11.04823528	17.35159154	20.42267863	18.66503108	244	63915.64698	6.139237273	11.62537353	0.421702527	3.783526518	3.544583414	3.821407483	-251.4758265	-19.50065529	-11.11895417	13.9494984	-27.23660266	-49.63137268	-164.6588231	32.69804348	-2.079735747	-0.75119415	-11.2138904	2.729061815	5.502876009	-2.773813805	3.32843221	4.623857853
Coix lacryma-jobi	nat	1	0	4674.509337	51.334	1.288815976	257.2527098	16.25939	22.73112179	19.03744564	26.0756571	11.11457433	1560.569024	305.5016835	29.06734007	73.27570804	790.2929293	106.9191919	608.6094276	161.6329966	8.364643842	34.66189668	611.2869901	31.05247146	5.790751462	25.26171997	23.98018095	12.52010113	234	357093.6054	9.508547287	10.06776471	0.602708081	5.756998767	0.085453775	12.01875887	-617.8467844	-94.66835017	-18.51178456	16.71318229	-258.3484916	-66.30808091	-496.887205	13.9781166	1.224245121	36.01588093	-487.1814329	0.936417281	12.60924847	-11.67283085	0.769818728	12.57989893
Commelina benghalensis	inv	1	1	3.179104934	1.8844	0.349065782	261.2779803	12.251917	8.9847197	22.78361306	26.21078871	19.04603723	1221.196825	247.6920635	17.1031746	82.85882667	626.0396825	67.5952381	316.952381	235.8142857	11.00098063	58.17926895	292.528918	32.58731907	12.37487365	20.21244538	24.04522139	20.62246436	145	226389.6556	8.070041056	32.34430318	0.633837369	3.247339283	1.252703315	5.186105601	-417.0817465	-67.334921	-8.714285696	4.118554583	-171.3928581	-33.85317479	-186.9047618	-81.25476242	-0.912488608	12.79890613	-158.2392348	0.841252156	6.779888198	-5.938635847	2.168270636	5.25610697
Cosmos sulphureus	nat	1	0	1160.505818	6.85	0.74201781	230.5201926	12.453262	8.305646625	22.0382374	24.55079253	19.21824893	1109.673973	231.969863	14.20821918	94.99286791	615.9808219	54.55342466	390.1068493	113.2438356	13.95006718	67.90064406	219.8543026	32.32502689	11.20795619	21.11707078	23.70659477	21.15376832	142	105392.9554	9.361602297	10.26893798	0.646243137	2.334226405	1.270946911	3.262910945	-216.1522282	-63.98435588	0.385983859	-23.25953432	-180.0098103	1.171213328	-182.3967036	38.37935419	-3.632675851	2.423993481	-80.23980965	-0.411983327	5.958710461	-6.37069408	1.164419535	2.57666651
Crotalaria retusa	nat	1	0	75	21.918	0.866	233.4282876	8.744569	8.026676857	26.23274147	28.88249346	22.85239374	1485.641148	339.6507177	21.73684211	98.14190265	843.9138756	82.62679426	381.8899522	208.1052632	11.14555315	61.10813897	246.0811011	35.03334259	15.83300486	19.2003377	27.46159063	23.76439894	218	148490.9281	8.719547338	31.93694656	0.537249659	0.465689994	-0.871513125	2.321723984	-575.5235034	-124.0938549	-15.05841071	-1.403863386	-301.5923085	-55.94051971	-260.4154427	-50.90526325	-1.1024159	11.5557832	-129.7661992	-1.123930856	4.167387329	-5.29131812	-0.794924011	2.892071595
Cryptostegia grandiflora	inv	1	1	4593.138961	8.57	1.728839889	227.2329958	42.482089	11.91708839	24.48434435	27.34504788	20.65746989	737.0357143	179.4285714	7.321428571	100.6478321	465.6785714	27.71428571	419.9285714	34.57142857	13.89248661	65.94105203	281.7085939	33.80785738	12.69526829	21.11258902	27.31117902	21.38028104	144	289306.2472	10.04097292	42.02390332	-0.06714943	2.566532874	1.178636318	4.876740721	95.35024715	32.66791993	-3.461779484	2.814448923	54.60212604	-10.13533837	-320.384712	102.0513798	-3.038100578	6.21947485	-160.4945591	1.1500375	7.139819385	-5.989782018	-0.352406968	5.366210041
Cryptostegia madagascariensis	inv	1	1	3453.723252	6.57	1.842184881	227.5555995	42.482089	11.85162431	25.76459356	27.61830279	23.01321932	1124.846154	318.8461538	4.307692308	120.0286865	781.7692308	18.5	556.9230769	21.03846154	12.23716501	68.20554293	195.9578171	33.65938289	15.60606502	18.05331788	27.42930493	23.37801603	69	299478.7451	6.416314133	29.8653511	-0.325535785	1.855406512	1.231697215	3.443447309	-248.6572592	-95.80170881	-1.27435899	-15.69646365	-232.524788	-5.055555439	-474.7452987	183.4504275	-1.438276041	6.463345669	-97.1211497	1.559505834	5.070601752	-3.511095663	-0.165971609	4.321983968
Cucumis anguria	inv	1	1	6949.840236	8.122	0.278315768	243.8540112	40.276677	8.874648641	21.72455428	25.0083101	17.14872877	428.0232558	106.627907	0.488372093	110.2358686	277.5348837	3.093023256	171.1162791	4.046511628	14.64183724	59.73437695	330.5389064	32.63497672	8.046418611	24.58855817	24.31075966	17.24018609	229	116536.2545	5.046582107	63.95174991	0.097643766	4.163479852	2.423313901	6.818792555	304.1476849	66.92764871	6.468892911	-18.50168061	147.1403275	25.67620731	-36.62909997	93.79109534	-4.114486804	10.83912718	-187.9124096	1.052202601	10.66298301	-9.610780327	2.032830079	8.206822383
Cucumis dipsaceus	exo	0	0	3797.968938	4.33	0.1	243.1681087	40.276677	20.88153518	23.03852054	24.62021765	21.22482981	692.4693878	138.7346939	9.204081633	81.5024425	314.3673469	37.12244898	205.0816327	87	12.26680945	72.49276539	139.0379145	31.75551021	14.72089802	17.03461221	23.64960542	21.77951007	68	116978.2538	15.82266886	12.64943066	0.474987245	1.937670027	1.981369732	1.615910969	-26.30536788	3.889644303	-0.172335582	-1.138950287	38.61148912	-1.519274619	-58.55782319	8.396825382	-1.764163931	-3.391177759	17.46367386	1.095283353	2.919313469	-1.824030156	2.141929004	2.408320537
Cyanthillium cinereum	nat	1	0	389.71	0.177	1.35	233.376442	23.770757	13.51422105	22.52722929	26.37171083	18.05721977	1420.106023	265.7873275	29.60727729	70.81448623	694.8782936	109.7314931	455.3017566	212.8155583	9.972712658	53.6140897	338.4196444	31.94397909	12.12780828	19.81617081	25.04025435	19.20888458	160	383495.8643	13.91233189	8.97869526	0.719416039	3.412354246	0.886622734	6.21986375	-475.1268566	-67.93315954	-19.2114438	9.735513726	-193.0866314	-68.18982695	-302.8225889	-24.50305673	-0.214379302	18.45257666	-214.0883925	1.056021151	7.213858235	-6.157837331	1.057662251	6.672365088
Cymbopogon citratus	nat	1	0	270.066583	1.3831875	0.681737209	256.1668236	9.538833	16.50825587	26.6857693	30.57994872	22.28564094	1243.384615	346.8461538	11.92307692	112.3293457	813.7692308	45.69230769	249.1538462	152.4615385	10.8315382	50.06976201	332.3309185	37.27446101	15.01692321	22.25753755	27.28646176	24.82215397	199	283432.1244	9.623238049	10.31163522	0.424056686	-0.589936	-3.052170967	2.154636719	-383.0651803	-148.4017089	-5.061965779	-20.71267875	-316.5331182	-18.10897408	-134.9594011	39.58012733	-0.607927104	21.21079292	-204.7323062	-3.636961203	4.184465549	-7.821426416	-1.158683703	1.336179489
Cynodon dactylon	inv	1	1	85.27	0.172	0.181	254.5788619	18.140638	9.057279155	20.26270857	24.06466718	15.87232651	735.0193906	138.4390582	10.43213296	76.0725259	362.1454294	41.32963989	247.5373961	109.7299169	12.67602769	58.67789205	338.5268197	30.79736204	8.415670205	22.38169182	21.45168676	18.50664289	420	147065.3071	5.470598857	37.59366612	0.529508376	5.942169517	3.671105303	8.513039234	66.93995852	49.5365514	-2.464653299	17.41690553	106.6187967	-9.980046587	-130.6837381	15.37577518	-2.34594638	12.1977171	-200.9666573	3.108328968	10.85668743	-7.748358476	5.017418793	7.358397544
Cyperus esculentus	nat	1	0	912.4918213	0.158	0.355	257.8583746	4.984513	16.92608054	15.26684316	23.93384573	7.176089419	597.1111111	94.66666667	14.88888889	52.90687095	249.2222222	53.22222222	56.33333333	226	9.972276052	35.24119483	687.9308675	30.84590721	2.623129692	28.2227779	10.13268206	23.70436393	229	62460.28902	6.610961695	36.92221453	-3.353322973	12.19315707	4.906154039	18.8705773	261.0889011	121.5000013	-9.088888889	49.1797963	287.7111121	-28.48888863	41.63333346	-119.6666656	0.424390666	37.86213845	-573.5342019	4.19409256	18.13687016	-13.94277807	17.29398458	3.652302445
Cyperus rotundus	inv	1	1	324.51	0.228	0.68	256.7414604	4.976443	9.050605982	19.19335376	26.03039758	11.8898138	1334.456566	231.1494949	29.88080808	69.48192965	609.8222222	109.1353535	470.2121212	218.0424242	8.90856546	40.25630616	577.9669064	31.35964293	6.698482615	24.6611603	21.86893097	15.79116081	292	193260.585	7.938871082	32.42437099	0.300381825	6.907656481	1.470612676	12.53745905	-505.9818194	-40.6848491	-21.43636362	22.30796879	-132.3878808	-74.31717173	-329.7171714	-110.8707065	1.374262871	31.48611785	-452.0194313	2.213084277	12.48737594	-10.27429156	4.454301448	9.821970392
Dactyloctenium aegyptium	inv	1	1	936.6368404	0.263	0.837	255.038688	24.441661	9.318075128	24.56956792	28.06913406	20.53795933	1187.121372	250.0712401	16.74934037	90.94925266	634.4076517	64.9828496	349.8377309	195.671504	10.7120723	56.22154979	308.7156957	34.21208426	14.03457024	20.17751402	25.53368551	22.62881493	232	312045.8957	10.14195617	36.56791308	0.446445392	1.69568628	-0.279021032	3.836616944	-461.1044226	-81.34242661	-9.794538129	-0.674958697	-217.7381594	-36.46307568	-225.0552449	-82.62065692	-0.397100479	14.29116217	-167.4453568	-0.329880767	5.164299701	-5.494180676	1.092303142	3.192089027
Datura innoxia	nat	1	0	9066.682962	13.792	0.8	231.057082	37.54611	9.4519832	20.60645589	24.6226536	16.00668489	652.0614525	143.7541899	7.782122905	91.04724285	370.6145251	31.12290503	252.2569832	50.08379888	15.38473641	60.77908681	354.5493254	33.06662928	7.273282699	25.79334667	23.65042339	18.5610017	181	76895.49414	6.678873526	11.24133828	0.348020399	4.534569655	2.215808057	6.867673951	-50.85633213	-11.67726628	-0.218020402	-6.770320479	-55.56324152	-1.302392476	-98.48775247	9.736713742	-3.987300559	8.513220823	-190.4185587	0.641063084	10.01646102	-9.375397802	2.547012135	5.22104953
Datura metel	nat	1	0	14832.84514	12.473	1.209915688	230.0544511	37.546376	12.52652445	19.30919437	26.08513128	11.29616386	1350.809524	249.75	21.91666667	76.21932843	674.6071429	80.58333333	621.4166667	93.28571429	8.577905263	35.6332083	607.3446902	30.64143047	5.796193686	24.84523678	25.11736781	12.35812939	227	211996.9997	9.242768505	21.29058913	-0.097735654	6.429694687	1.217646644	12.53439142	-632.9484093	-96.55555471	-13.66666669	4.19178277	-294.3849215	-46.50000008	-480.3611097	12.40873101	1.394316946	34.2751258	-460.6752442	2.469680536	12.90936183	-10.43968153	1.315965584	12.62242614
Datura stramonium	nat	1	0	14738.85	9.18	0.796	230.8323663	37.5457655	7.961024191	18.61684146	21.19845238	15.55560964	876.8138528	188.6450216	8.961038961	94.84628271	503.7186147	34.96969697	294.0779221	51.93506494	15.09270232	65.60602799	230.5431769	29.85761036	6.72138097	23.13622941	20.26098484	17.05581599	188	102715.4657	8.685008651	48.86376606	0.199872458	6.106582055	5.11325937	7.109255391	-169.8679019	-49.27565193	2.056979104	-19.60934547	-147.6014973	7.52579844	-151.9337782	91.07394486	-4.6431528	3.937215417	-77.00173484	2.679326576	10.78132185	-8.101995133	4.831807931	7.41175151
Delonix regia	exo	0	0	9005.416379	399.549	15.24	230.6051264	38.871912	9.232888666	24.28570503	26.06816924	21.71566597	1368.75	303.6875	21.625	96.19915247	787.4375	80.8125	650.84375	102.125	10.64687252	67.80942869	185.5316911	31.43818957	15.64999674	15.7881929	25.96852773	22.30788866	168	401350.6888	5.156933127	10.29741633	-0.44395959	1.306719276	1.036376184	2.063122254	-561.9015087	-129.3238633	-11.94318186	-14.27339445	-348.7405319	-41.8276515	-495.9649627	19.61742293	-0.374145248	2.41329917	-48.00290433	1.798173932	2.904548617	-1.106374803	-0.032163994	2.87847491
Desmodium incanum	nat	1	0	4618.226326	0.97	0.284	233.5774779	23.031604	8.146178307	23.34215379	25.23576719	21.15101273	1752.134568	279.3802469	43.38518519	59.86764892	745.7345679	156.745679	455.0567901	337.8888889	10.25982643	67.93223395	169.2943949	30.91529792	15.41148374	15.5038142	24.24889478	22.1800693	422	80135.03693	7.498413904	9.842681344	0.52597271	1.353084414	0.913439245	1.644225404	-878.8964785	-116.8088191	-30.54391539	13.43869943	-320.7345701	-107.7615521	-262.5012329	-169.6190473	0.30049111	2.875703307	-29.70709388	1.459305083	2.007564023	-0.548258871	0.914597237	2.04056561
Digitaria bicornis	nat	1	0	1239.160993	0.6836	0.431785463	254.6114448	13.072111	9.448456552	25.69966881	28.99747437	21.33107627	1026.369159	234.6962617	8.462616822	99.85155307	624.9158879	34.1728972	384.2476636	47.93925234	12.27677045	56.94370321	312.5516375	35.48990168	13.60739946	21.88250219	28.09669905	21.90065711	218	173756.7601	4.372537426	26.52419857	0.502485752	1.516997958	-0.472474272	4.286780773	-297.8453486	-47.06530803	-4.176902545	3.091304263	-164.9158917	-16.60146859	-281.9381391	62.95360566	-2.179151378	16.16701102	-192.9302086	-0.977996892	7.035457688	-8.013454544	-0.709794534	5.249343058
Digitaria ciliaris	nat	1	0	554.98	0.563	1.14	254.5340516	13.072098	9.225723105	14.71276143	23.85667073	5.150134556	1393.773469	242.8816327	38.28979592	64.95675787	628.1244898	133.8693878	565.8428571	164.1020408	9.188732788	32.7791993	763.4003419	29.34383017	-0.559701192	29.90353136	22.31028397	6.202584257	144	110024.2289	7.426119322	83.81942067	0.089197403	10.59094231	3.118329442	18.02949493	-695.1531013	-81.76126158	-30.91942562	24.40342754	-237.5411552	-104.09161	-426.0002636	-79.00944768	1.449230163	36.13098577	-607.2855265	4.030244186	18.45599764	-14.42575364	3.662864324	18.25945278
Digitaria horizontalis	nat	1	0	960.3074989	0.678	0.489167045	254.5752631	13.0721	9.345042407	24.17733959	26.20607442	21.89532044	1619.298578	269.7630332	34.75829384	69.67800262	728.4976303	127.6445498	425.3127962	306.1090047	11.06011864	68.01154671	178.5857754	32.41702235	15.65934285	16.75767946	25.21472259	23.02400268	293	730389.545	8.505918842	4.909753163	0.521143231	0.37891062	-0.053990666	0.488012766	-822.4444103	-118.4921997	-21.17496053	1.617830725	-338.9559633	-75.08205036	-234.5002976	-176.2548373	-0.691368516	0.928037308	-20.39619327	-0.094105602	1.53857378	-1.632679405	-0.270972803	0.738497252
Digitaria insularis	nat	1	0	469.1959087	0.45	0.805907442	254.3792262	13.072089	9.572443789	22.46379622	25.56813008	18.87025308	1236.062167	209.4991119	28.08348135	67.51096284	553.2326821	103.8028419	379.0763766	175.7353464	11.90147229	61.78417155	276.449275	32.04296803	12.07834188	19.96462614	24.57629801	20.16036781	293	387329.622	12.62948677	24.27050414	0.487825349	2.711600559	1.246155838	4.094032725	-535.9351819	-78.99911208	-15.59935436	2.615227623	-219.0898275	-55.54887386	-215.9335187	-44.23534597	-1.464170726	7.284082107	-115.1976872	0.922111185	5.781181959	-4.859070628	1.148305284	4.297568702
Digitaria nuda	nat	1	0	774.5788113	0.493080769	0.40737401	255.3672277	13.0721	10.06867659	25.01554547	27.14569687	22.96563637	1230.606061	242.8787879	7.878787879	89.70349722	618.1818182	37.84848485	369.4242424	181.6060606	11.26854556	66.33906671	175.6674765	33.54218165	16.07721228	17.46496943	24.95349468	23.46505061	243	205579.1575	11.75930115	6.514606911	-0.338385727	0.433474187	-0.016285006	0.432402832	-511.3805761	-70.11408155	-1.672905582	3.119051925	-200.2994661	-11.65240658	-232.6693402	-101.1648845	-0.393055367	2.391325636	-22.41845658	0.167622043	1.773768174	-1.606145769	1.108269926	1.156517845
Digitaria sanguinalis	exo	0	0	504.81	0.517	0.265	254.6675928	13.07211	12.9031594	10.47644835	18.35921752	3.001900556	771.6511111	90.46444444	40.87888889	25.05154127	249.5940741	139.2396296	188.5477778	194.117037	8.76963845	34.57130383	629.2680134	24.72888091	-0.871291845	25.60017276	12.12068065	9.628034417	292	183583.9816	6.156478864	198.625882	-0.91162826	15.84207029	9.355597304	21.61291431	1.108145888	96.85037023	-35.1196296	70.29660623	210.6651804	-115.2581484	-58.30703647	-105.4688886	1.826657913	37.7694368	-502.5735694	9.272970699	20.16388416	-10.89091356	14.65339327	16.32752108
Drymaria cordata	nat	1	0	75	0.19	0.237187385	246.505726	140.225219	13.91256816	20.74389355	22.1771611	19.07568944	1892.077821	300.4241245	46.51361868	65.33893114	802.9883268	172.3540856	491.6848249	380.6575875	10.87023802	74.55036637	128.2234596	28.16637826	13.0230208	15.1433575	21.47760963	20.00270911	240	324.338816	9.492808014	6.927804349	0.377276591	3.225337248	3.310018587	2.985849109	-1015.257307	-137.3984839	-33.23156733	3.250811672	-381.0139628	-119.3797274	-365.3002116	-118.7601501	-1.385622581	-4.676007531	14.40731001	2.997724292	4.541081958	-1.543357481	2.230082444	4.39472674
Dysphania ambrosioides	nat	1	0	1201.25	0.264	0.528	245.85957	87.322186	9.808820494	20.75278877	23.36614844	17.80402982	1238.866972	221.5344037	29.20412844	74.07201222	587.412844	102.0963303	375.2087156	193.9862385	12.33630467	65.45370903	229.1551648	30.18198547	10.82767858	19.35430688	22.28321769	19.50847912	244	394864.9185	6.334915901	30.39543095	0.543702426	4.143762823	3.239598787	5.059188582	-522.0738706	-52.41946079	-22.62366867	17.32626368	-178.487555	-75.20552564	-239.5363011	-116.8368136	-1.624235725	3.092268263	-75.93332518	2.917439784	6.619447936	-3.702008046	3.184023757	4.576003634
Echinochloa colona	inv	1	1	675	1.641	0.8	255.4519371	19.331767	9.809359628	16.81879595	25.25235014	7.417741156	1213.990291	218.8252427	21.91262136	71.25426002	583.4563107	79.46601942	539.9514563	89.67961165	8.906911734	32.04468522	727.1089386	30.37064549	1.778128121	28.59251735	23.79704266	8.555892904	222	289392.5908	9.544282157	140.681986	-0.083649905	9.553276066	2.67873109	17.10117773	-465.2560552	-37.67208974	-15.97568442	23.96330794	-140.1364906	-54.69124459	-422.6001049	14.41948663	1.574619821	38.22017983	-586.9021816	3.798723902	17.4245745	-13.62585071	2.843047379	17.45266558
Echinochloa crus-pavonis	nat	1	0	556.5786614	0.4956	0.912562981	243.338353	28.388399	9.721040346	20.60540832	24.50763854	16.36547932	1181.043689	196.0048544	27.74271845	66.08321409	522.7378641	101.4029126	333.8713592	195.0242718	12.45573493	58.9893276	333.1323529	31.53274144	9.324392694	22.20834879	22.56390716	18.47491195	230	113682.4238	7.699794747	8.992904645	0.657921389	4.717668658	2.302617978	6.996058908	-398.6590716	-29.62023957	-16.99912873	17.27063165	-102.5840238	-60.94137409	-184.5893064	-72.89606589	-2.283940042	11.46964738	-189.9990198	1.38520706	9.03971011	-7.6545025	3.236092812	6.381498146
Elephantopus mollis	exo	0	0	5227.04	1.17	0.112	230.3556423	3.195622	7.808586332	21.82455791	23.87541444	19.51032792	1763.819263	273.4565993	48.49821641	57.92972253	737.5802616	173.2996433	476.6373365	324.411415	10.60636094	67.80452323	180.6739363	29.69372026	13.49177771	16.20194255	22.86871191	20.34106751	244	9223.002112	6.661923924	21.7699068	0.588178045	2.384137746	1.764440858	2.897643217	-786.8047623	-80.20297549	-34.49097005	18.06158178	-231.5947525	-120.5170346	-272.2677717	-81.4983737	0.315378206	3.171563094	-45.09857415	2.420047944	3.175613697	-0.755565708	1.683461956	3.117628065
Eleusine indica	inv	1	1	769.08	0.367	0.303	254.6384594	19.490217	8.982552896	19.28082102	24.64212029	13.68723083	1358.09434	249.5834543	25.50507983	72.44588893	637.8896952	96.52249637	455.1654572	234.0682148	10.20402963	51.53663311	447.6931157	30.58020769	7.57467972	23.00552793	23.09240837	14.52144483	126	224740.0489	7.522265365	33.92466727	0.358830183	6.899919762	3.0541761	10.68165794	-500.353602	-57.78345445	-15.83100576	15.32744464	-154.8971042	-57.77434832	-330.1061985	-49.78673336	-0.085511063	18.91003361	-309.2849679	3.110903346	11.69346849	-8.582564981	2.972036153	11.58596255
Eragrostis cilianensis	nat	1	0	94.11	0.07	0.222	257.1971324	20.604433	15.37732937	15.10210058	21.87473432	8.342121979	781.08829	125.2351301	25.01208178	53.09864735	326.6087361	90.74535316	226.2583643	147.651487	10.64559004	42.96223484	554.7528428	28.61002218	2.661139379	25.9488828	16.82975743	13.89914953	217	119891.3454	6.103404662	63.40332574	0.664614237	10.62554176	5.565103154	15.22698363	-154.7549561	31.88682111	-20.12590296	42.48021407	46.41565307	-70.18437749	-114.8112096	-83.91164948	0.124328592	25.70036691	-395.4601597	5.327376311	15.56650305	-10.23912674	9.606827875	10.97158215
Eragrostis ciliaris	inv	1	1	675	0.02	0.671	254.7021394	20.60443	8.90755853	25.50018599	28.84118726	21.81728171	791.9130435	177.7237852	6.621483376	92.53790878	444.140665	28.84910486	198.1841432	166.6675192	11.48733581	59.15373128	288.5257425	35.37167146	15.15233845	20.21933301	25.07513327	25.81734908	244	263067.3367	8.878261017	17.99023865	0.395490005	0.423813948	-1.362520517	2.148496085	-74.91748806	-14.4171186	1.15184997	-4.452131038	-43.37177702	2.035339664	-75.41080948	-36.84974133	-1.156224726	10.94049093	-143.0190754	-1.739226974	3.689439317	-5.428666251	1.348422236	-0.337349203
Eragrostis japonica	nat	1	0	1106.108064	0.015	1.65	255.7106287	20.60443	10.96035764	22.69996989	27.38768647	17.42697724	1161.511041	260.681388	14.55205047	98.11449807	662.2082019	55.50157729	393.3343849	111.8485804	11.26854829	49.96359651	407.3707537	33.84853518	10.2348861	23.61364907	25.05713065	18.91203155	422	158608.769	7.922098909	7.585677407	0.829631837	3.253876382	0.004621251	6.749945923	-426.4597597	-75.73266928	-9.269999148	-0.358087614	-214.8748643	-35.01439793	-258.0523329	-17.07934967	-0.427522716	21.39794289	-273.5169083	0.00787477	8.359985493	-8.352110495	1.368510187	6.398224819
Eragrostis pilosa	inv	1	1	1099.976663	0.049	0.212	254.8188951	20.604433	9.208127462	11.78947382	20.88554279	2.427839632	852.7377911	135.7167543	30.79939895	51.15769179	355.637115	107.1006762	284.2524418	147.9120962	9.917585029	34.94297664	753.219076	27.34386801	-2.966986388	30.31085436	17.0430175	6.824481784	230	191313.4612	4.874268528	101.3527402	0.710243539	13.94210507	6.439603501	21.33063977	-119.1471475	34.41774829	-23.26723518	38.47096316	63.25177403	-76.51003304	-153.0711552	-36.43256281	0.528613786	34.88450889	-605.2506548	6.256716559	21.52838991	-15.27167297	9.298502881	18.29774055
Eragrostis tenella	inv	1	1	271.0055748	0.101236047	0.192232232	254.609265	20.60443	8.946641581	22.92280052	28.13368567	16.93638047	1685.931034	357.0275862	31.7862069	88.90420602	907.9586207	114.537931	641.1655172	190.5448276	8.786572124	42.27070386	456.2247875	33.34616779	11.25695802	22.08920977	26.16926727	19.26659667	157	211148.9147	17.37783163	48.74290619	0.564910902	2.829507286	-0.721377814	6.683619603	-987.6951378	-200.3865599	-23.13492484	-4.07087252	-523.6919541	-80.09177739	-504.0167996	-90.86277566	1.665222728	26.53955274	-297.9401714	0.324601471	7.186631759	-6.862030298	0.239450719	5.721608378
Eriobotrya japonica	nat	1	0	12693.05	1443.803	6.082	244.1310211	197.923438	13.71245735	16.16365433	25.20065374	6.524405641	1388.003861	236.7027027	33.3011583	63.5024375	621.3938224	119.7915058	560.8262548	133.0656371	8.298466252	29.02517888	761.107457	30.26720012	1.310935272	28.95626487	23.2027081	7.647760345	192	195139.5348	11.17379201	27.97051931	-0.064491929	7.164917264	-0.429225226	14.80892778	-545.9086287	-70.84555767	-22.34877724	12.59280078	-193.7271485	-77.17245781	-387.7310152	119.8391198	2.372962429	41.39386888	-616.0026945	0.837561272	14.60811236	-13.77055083	0.406815941	15.18081125
Eryngium foetidum	exo	0	0	4086.547068	0.362	0.293289267	240.6709291	187.46054	16.58439796	23.59705979	24.79183284	22.22694839	2113.831643	324.0770791	54.52332657	58.12619465	865.4016227	197.7383367	495.0993915	461.969574	9.749519515	74.78270721	105.7988924	30.29318327	16.94843691	13.34474636	23.94132889	23.11220079	244	1092.854016	6.802140481	3.889233436	0.559832566	2.036273685	2.06531002	1.930194253	-1108.879277	-124.3151751	-36.18999281	13.92618604	-347.2111538	-132.9288118	-341.0517737	-198.0171934	0.179051778	-1.482707432	8.234440422	2.268721368	2.05156282	0.217158271	1.777718386	2.340180074
Euphorbia tirucalli	inv	1	1	814.7025641	14.9	4.646	235.067851	22.63826	10.48870391	21.63955383	24.58131813	18.15768176	871.4794521	179.6986301	12.97945205	78.20343502	454.5924658	50.33219178	305.0719178	79.76369863	11.96753798	61.4581467	263.8151174	30.74268932	10.82621138	19.91647787	23.44984257	18.95574786	160	270432.3543	8.090505064	16.50398042	0.487100236	3.528446203	2.134681931	5.068984884	-192.5727821	-34.75196388	-5.192785309	5.804565316	-88.7258001	-20.83885838	-170.3519164	52.70296839	-1.492871386	9.109853182	-119.2524517	2.135977365	7.187121906	-5.0511445	2.395490685	5.600251968
Ficus benjamina	exo	0	0	1702.14	25	13.551	243.3884755	15.898709	10.51864518	24.45698138	27.78009367	20.56552864	1593.988142	311.7272727	33.70750988	83.75948561	814	123.5296443	477.7549407	199.284585	9.980807105	56.49257547	291.3158949	33.50697764	14.49836173	19.00861596	26.16352268	22.34459269	118	391218.8232	6.923613348	3.489994709	0.79919254	1.98587609	0.243716034	4.067804839	-839.9405131	-126.2510841	-28.61227188	15.47860872	-357.8095267	-98.72012055	-348.1835116	-150.0464892	0.776335507	13.27885332	-152.6682781	1.059689373	4.582590372	-3.52290173	0.607905562	3.212550113
Ficus microcarpa	exo	0	0	2209.782222	0.33	10	241.588023	15.89871	13.77562662	23.10068505	26.62634455	18.92362876	1902.532808	340.5800525	48.69291339	68.31717214	899.1102362	172.0787402	667.2493438	255.167979	8.258086011	53.49950977	315.9578436	31.27043868	13.99569996	17.27473874	25.60581907	20.16311894	208	506082.4924	11.9890674	7.56526923	0.298212174	3.151695319	1.168893399	5.571609133	-1241.770907	-193.4371954	-44.07386588	21.99235349	-526.5864281	-153.4120733	-535.773153	-197.5013124	4.032390107	18.62430004	-179.9340334	3.629561759	3.875728802	-0.246167071	0.937037962	5.151166615
Gliricidia sepium	nat	1	0	675	102.534	19.81	231.0478077	115.262924	19.8576647	24.6887422	26.55144376	22.53551728	1587.471655	302.9387755	21.22902494	86.63530534	798.2131519	78.55782313	420.5578231	200.6712018	11.62592362	68.83673299	165.2127922	33.119697	16.02145004	17.09824697	25.57511964	23.88540574	126	222615.4209	7.848880942	3.75638046	0.113035873	-0.045885056	-0.280015513	-0.087898523	-834.8526106	-178.9387744	-3.990929932	-26.3257808	-474.7845827	-16.17687084	-248.2721099	-22.90929887	-1.440209441	0.120409431	-4.469935497	-0.862553975	1.473788259	-2.336342117	-0.517976839	0.405070374
Gomphrena globosa	nat	1	0	1926.858362	5.05	0.405297503	245.2179126	16.748802	12.31060107	21.96606712	22.9385334	21.00400047	1808	324	9.8	81.71878815	824.8	41.6	346.6	344	9.346800232	75.63169708	78.65793457	28.45200043	16.05280018	12.39920025	21.99693336	21.57906723	243	82329.38701	7.23110875	3.384132471	-0.122500657	1.217266273	1.707299852	0.266832781	-970.0833359	-167.583333	6.70000006	-16.30212164	-422.0916737	19.85833373	-153.1000033	-205.1666651	0.415699816	-6.285864735	63.2462307	1.889666271	0.159699321	1.729966235	1.703066444	0.92093277
Gossypium barbadense	nat	1	0	12584.12599	124.367	1.342	239.7713546	38.320167	9.280992209	23.56665346	24.51323976	22.57417965	1722.977273	227.5454545	86.34090909	61.12723637	618.1931818	282.2954545	490	362.6818182	10.03845729	81.26811188	80.7845864	29.796964	17.32466877	12.47229526	24.03616694	23.05660928	232	18823.64314	5.436521349	8.749207074	0.459846437	2.071441989	2.703427004	1.161534582	-979.4058398	-71.04545509	-77.84090901	21.1180018	-221.3122298	-247.0573593	-323.4523825	-246.8484857	0.792495087	-10.7943025	65.36065221	3.864941157	0.920569471	2.944371313	2.237642494	1.764819151
Gossypium hirsutum	nat	1	0	6075.361125	75.439	1.82	239.4480401	38.320167	9.73952451	24.49095033	26.80632632	21.78998415	1217.602339	240.5409357	15.71052632	86.45172415	622.4473684	59.25438596	355.622807	133.0497076	12.55275706	67.20800644	206.7572132	33.80673183	14.76006928	19.04666255	25.92432844	23.46934728	155	119367.082	11.13590036	9.995599826	0.407011656	1.585972746	0.739827632	2.589503251	-434.0767009	-53.4896544	-9.902834008	10.07006995	-156.8319803	-34.71592459	-218.3022947	-50.88304042	-1.724552009	4.467634839	-76.78413779	0.193268095	4.039930585	-3.846662598	0.526953693	1.878088447
Hedychium coronarium	nat	1	0	14633.85487	13.69	1.314839324	262.2977631	95.377311	11.45299823	22.36272153	26.74355053	17.39944774	2086.828025	478.611465	24.75159236	88.65489933	1188.477707	95.23566879	699.4267516	351.9363057	8.465005689	44.25407074	382.8547929	31.76156739	11.80681294	19.95475442	25.10028302	18.92413614	216	193058.2753	13.49302133	4.379080908	0.570985912	1.959500867	-1.254661467	5.628329927	-950.0502341	-224.3892411	-13.30714806	0.433990746	-542.0332693	-52.18011376	-518.2045312	-114.1585258	2.040549861	29.86259541	-282.9714591	-0.122678076	5.46540942	-5.588087629	-0.783616736	5.059197129
Hyparrhenia rufa	nat	1	0	475.84	0.3	2.5	254.1063752	5.923606	10.26753804	23.63767323	25.62518426	21.51820202	1220.528827	240.7693837	11.1471173	85.12474	631.2982107	48.32405567	338.0636183	256.6441352	11.56717603	66.80914943	170.530355	32.28970598	14.67419881	17.61550716	23.85339687	22.36124477	244	110273.8555	8.433271599	9.556330548	0.453909508	3.266771272	2.541482279	3.975131419	-263.8621563	-0.791608633	-4.480450677	17.82859201	-37.89821277	-23.34627806	-217.5969516	-136.1996899	-1.784953793	6.255295049	-62.45924341	1.712515825	5.863578714	-4.151062685	3.124380988	4.532088541
Indigofera hirsuta	exo	0	0	1194.995326	2.19	1.52	231.2866086	128.431319	12.34991012	24.81611	27.91230803	21.10316049	1257.526395	262.8295626	15.46304676	87.9716536	684.5580694	59.82352941	425.5128205	168.6606335	10.86757032	57.97756482	278.7081938	33.88759366	14.52471175	19.36288191	26.66128576	21.9943646	160	375731.0935	8.849063751	19.3598124	0.651104559	2.242864344	0.491965416	4.392566067	-364.7315296	-49.01759548	-7.787833078	6.433474784	-154.0025164	-29.2252388	-297.3162388	-38.53242757	-0.92056171	14.69935868	-159.3808428	0.326936161	5.92486079	-5.59792453	0.568628931	4.929566916
Ipomoea batatas	nat	1	0	9050	48.06155082	1.98	227.9698519	19.687487	16.06783383	23.2398695	25.00072046	21.13413672	1864.611905	331.1357143	30.83571429	76.24275673	864.4285714	114.3428571	451.4	275.5690476	11.15499663	69.02874428	158.8168607	31.40508513	14.94975981	16.45532535	24.06330333	22.4415542	422	388378.0997	8.146620426	7.887783086	0.278440944	1.9497138	1.515946188	2.478363111	-886.9869048	-121.2190468	-19.10654745	8.878076667	-328.8035733	-69.30119105	-304.0249988	-36.65237932	-1.186246626	2.804590405	-38.74186132	1.030331809	3.506490146	-2.476158663	1.042946477	2.675112478
Ipomoea nil	exo	0	0	6151	36.267	1.5	230.2184653	15.463932	7.770093209	22.76512156	25.58395988	19.71688283	1251.035346	222.7098675	25.80265096	75.69600185	584.544919	92.74521355	372.4712813	175.7540501	12.05163966	64.99224312	241.2972186	32.16295918	12.93009564	19.23286354	24.51865602	21.12966469	229	682944.299	7.902137189	51.37144708	0.486079686	2.387584993	1.153362084	3.430980445	-522.5937484	-64.10872718	-17.05336324	7.195166267	-187.1660021	-57.91045573	-250.0809682	-28.37228425	-1.885827673	4.497215562	-91.47756089	0.662112004	5.22403538	-4.561923384	0.905845365	3.878597338
Ipomoea wrightii	exo	0	0	1148.037937	48.06155082	1	226.9603009	9.303935	28.15879	20.31887498	27.08753063	13.00407044	1252.478261	168.2934783	54.2173913	39.87460785	446.3152174	186.9347826	310.7282609	269.9347826	12.05003505	47.37351998	573.6093912	33.61084146	6.08135193	27.5294894	20.58637131	21.52792182	189	407904.4526	4.667220271	41.6256	0.351555028	5.335569459	0.206913832	10.57037389	-570.1560359	-14.83792203	-47.35072459	45.38539276	-68.42632935	-157.9125606	-169.4393732	-187.1792276	-1.13447941	21.66648068	-418.9005022	0.156936364	11.85864803	-11.70171167	5.582517606	3.217633616
Jacquemontia pentanthos	exo	0	0	3485.131906	4.9841875	0.741611242	229.9040581	20.005468	8.048972796	24.5167313	26.65255334	21.97048569	1368.142857	240.2285714	27.6031746	71.65063877	635.9238095	100.9206349	405.9777778	204.4761905	11.70093324	68.16729923	193.6277932	33.12289721	15.45887195	17.66402531	25.89865027	23.14711977	292	559581.0365	24.34272495	40.87755031	0.434962513	0.643028475	0.089788961	1.17906397	-647.9987113	-79.36971258	-19.87644786	14.10791976	-235.4223084	-69.81552984	-274.1249245	-90.33805202	-1.287419736	1.540207965	-44.61277809	-0.170344668	2.514101071	-2.684445748	-0.130482141	1.609336679
Jacquemontia tamnifolia	exo	0	0	2971.987184	4.239	0.648052303	229.5614919	20.005467	8.626171001	19.8277937	26.46511648	12.72504687	1436.737401	185.5888594	64.47480106	33.48891605	502.6352785	225.1870027	372.4801061	348.3129973	12.2162056	48.30017812	559.0673507	32.95835397	5.883147238	27.07520673	19.53343557	20.64243002	239	631987.6342	7.189134184	40.00430806	0.612623298	7.052206092	1.692661178	12.83050861	-479.4485089	37.30002659	-59.09702329	61.50886125	60.94250774	-201.7870027	-245.1245529	-115.0463323	-1.776205608	25.53982203	-451.6162394	1.206090505	14.0435194	-12.83742902	7.097675576	6.137570153
Kalanchoe pinnata	nat	1	0	8631.205642	0.060076	0.557333516	250.869746	187.1540707	9.715007963	22.74974889	24.48551515	20.37802392	1478.961538	332.6923077	23.15384615	93.15274341	839.8076923	88.15384615	676.5384615	116.6538462	10.89376958	69.44461602	173.7212102	30.11496867	14.38860145	15.72636718	24.33308044	20.91641613	184	497957.4374	7.142857645	10.24525981	0.243952045	3.531203291	3.197818243	4.269595193	-543.771063	-125.7161169	-14.01098894	-4.352743903	-310.8076901	-52.60622681	-552.0860814	130.6318664	-0.629483909	2.22443174	-47.93311526	3.56836473	4.85901743	-1.290652799	1.569300777	5.190726862
Lantana camara	inv	1	1	1042.65	8.01	2.785	226.2652981	8.787991	7.523069499	21.72376157	24.72076512	18.40096366	1407.13112	228.1979253	39.3340249	62.1934708	604.1452282	140.8908714	394.1497925	257.3983402	11.41109854	63.47074331	259.4860437	30.9951212	11.97256128	19.02255991	23.3883594	20.0822158	292	261518.2623	13.45652017	127.4317274	0.701730757	3.456123504	1.99834411	4.816708789	-645.8207776	-61.50108637	-30.51936974	22.11773624	-186.2731015	-106.2385725	-244.4788157	-125.6037996	-1.024316914	6.270779842	-113.9232566	1.906890345	5.98376059	-4.076870239	2.202157763	4.569220947
Leonotis nepetifolia	inv	1	1	2467.842791	1.337	0.853285104	226.9832087	57.151536	7.605968292	19.32966378	21.06944622	17.0723051	928.8644068	175.4745763	20.6440678	73.66433787	429.0677966	80.3559322	263.3728814	147.9491525	12.94058197	71.70525108	165.3722035	28.55206784	10.0031186	18.54894931	20.30546896	17.58715259	245	276035.9936	6.421821759	63.74757188	0.388265357	6.168558497	6.05010944	6.43747276	-196.1444039	-15.11457647	-12.72851222	11.11788406	-27.76113035	-48.24037664	-127.1417697	-23.03359708	-2.116137496	-1.883028993	-16.17087029	4.995043267	8.031103579	-3.036060449	5.485642207	7.436847396
Lepidium ruderale	nat	1	0	63.91	0.198	0.153	242.9173739	14.022192	11.41871327	9.387577793	17.26178682	1.787112264	750.6794872	86.5534188	43.14957265	22.20886085	238.6723647	144.230057	210.2884615	174.1730769	8.322784433	33.43625605	633.0209407	23.3118641	-1.806317758	25.11818189	12.41825772	5.819457624	215	85807.04666	5.958230507	74.20789354	-0.250750048	14.21242232	7.828689351	19.61764946	-53.15567475	46.97039254	-30.76862033	47.26256762	97.99430272	-96.99196156	-40.43131868	-53.17307692	1.843882279	36.14945802	-476.8304652	7.811945166	18.32536536	-10.51341995	11.99126584	17.15673267
Leucaena leucocephala	inv	1	1	49.07	43.478	3.204	230.4467521	51.406765	7.623887045	22.99584967	26.59096737	18.96216319	1031.718593	193.3551089	23.38525963	76.36709517	502.6231156	85.37855946	338.1005025	127.1892797	12.63375409	60.18619317	313.8684638	33.45603428	11.79546875	21.66056552	24.9680115	21.48857207	229	228908.0893	14.58025711	25.34036414	0.587603993	2.745646979	0.602910102	5.035795984	-179.5485235	-0.994564712	-15.82743646	13.6655581	-19.31019425	-54.99760698	-196.4746522	19.25289726	-2.215386727	10.72537101	-181.7262865	-0.081204191	6.807932702	-6.889137	1.044233401	3.957686397
Leucas martinicensis	nat	1	0	2328.973477	0.42	0.494522019	225.6153921	57.1512476	12.13270623	20.26630091	23.29055073	16.55145753	860.4673913	169.3369565	9.739130435	80.88288954	433.1413043	38	301.7717391	95.60869565	12.76040221	61.7900508	279.2255317	29.66421111	8.537080702	21.12713039	22.26478575	17.03142863	293	114271.5679	9.110161948	17.77420646	0.365490611	5.039759798	3.686721824	6.61975458	-205.2401214	-25.86725978	-2.936100106	6.064080272	-69.00493932	-8.409091039	-186.1808287	13.08827303	-2.330099068	6.796312562	-122.0043205	3.575182734	9.531101073	-5.955918111	3.121578151	7.964025901
Macroptilium atropurpureum	nat	1	0	3330.085531	13.282	1.21	232.9900647	12.347622	8.202838188	22.53291502	25.22585783	19.47416472	1079.752669	212.4217082	16.29181495	87.69701217	554.9145907	60.22241993	330.6405694	117.3558719	12.93588404	65.67114837	236.1741384	32.43807732	12.22611042	20.21196689	24.30817852	21.35550324	97	434260.4431	8.578212843	12.82222887	0.609257005	3.30426438	2.090808842	4.506604506	-245.6372879	-35.7165793	-6.753353399	-5.213678584	-102.8248479	-21.79934282	-174.7303125	45.91335764	-2.762807151	4.878851749	-97.36644681	0.878589434	6.590556368	-5.711966895	1.668744542	4.199624858
Malpighia emarginata	exo	0	0	2429.490385	13.775	7	235.7011675	18.950048	17.77981642	24.70076185	26.75962335	22.3428506	1325.41958	232.5314685	25.68531469	73.25715716	612.9090909	96.18881119	367.6153846	262.6433566	11.13120402	69.09226643	183.1203698	32.77959258	16.12836088	16.65123172	26.02869225	23.59669951	111	527275.1636	9.219368191	4.291191875	0.701875865	1.596207652	1.064618984	2.281391837	-492.4801772	-28.74359136	-20.35198134	25.70647907	-101.696966	-75.67365982	-242.2214446	-150.5221436	-0.646355569	1.73500824	-53.13551967	1.405255858	3.180729819	-1.775474242	0.450095784	2.239664198
Mangifera indica	inv	1	1	7854	14368.217	18.113	243.5509941	33.344339	8.516001886	25.88087665	30.02137443	21.42529551	1492.798851	418.2787356	4.896551724	113.3050667	998.9683908	28.97413793	292.1982759	258.0833333	10.7824812	49.79574571	345.637471	36.90803722	14.23532523	22.67271202	26.73031976	23.73404377	293	170378.5103	7.161468606	26.08104886	0.493302429	-0.452173072	-3.151930005	2.279334339	-634.4747734	-233.0935492	6.038633496	-27.65599269	-528.6906147	12.75734342	-148.0408677	-103.5185195	-0.65933309	21.2181435	-214.3383963	-4.026555735	4.335971062	-8.362526725	-1.050690013	1.511326461
Manilkara zapota	exo	0	0	2211.859994	126.74	21.524	243.6043876	6.417373	9.240270137	25.09102202	27.07126678	22.61898716	1588.592593	285.537037	28.36111111	74.58064541	746.2623457	103.058642	418.537037	210.1358025	11.58931999	67.00291554	183.7762341	33.73282737	16.30036785	17.43245952	26.16839837	24.22147765	231	59144.60979	10.32732001	4.391996391	0.287484189	-0.691021587	-1.304599823	0.071489394	-667.306887	-115.3465594	-12.12301556	-7.752074089	-305.0242497	-41.63007177	-238.2037033	-9.897705415	-2.260748598	3.420894606	-54.87623531	-2.475684627	1.61867978	-4.09436426	-1.573160364	0.030903542
Megathyrsus maximus	inv	1	1	1514.534557	1.008141649	1.310205996	254.5181786	28.3884	8.83496085	22.12897574	24.79024863	18.8249197	965.5827633	182.5731874	13.47058824	78.35072757	473.9384405	54.17647059	322.6183311	155.1586867	12.1082367	63.891934	247.6915114	31.1149228	11.64939579	19.465527	23.90531529	19.47593197	259	243202.9491	7.669992338	23.06383785	0.471244462	3.181908615	1.992064268	4.609093902	-127.0725624	-8.811282912	-1.701880678	0.101653249	-29.32619497	-7.761504754	-165.3394199	-21.54644144	-2.140889715	6.448882343	-108.4200822	1.551743894	6.781896665	-5.230152819	1.7293784	5.404339944
Melia azedarach	nat	1	0	981.75	1067.226	12.198	243.6443836	93.484964	8.525970763	21.8196554	27.31028552	15.95028482	1635.433594	323.8320313	36.0546875	78.80203325	809.0546875	132.1953125	476.2421875	230.5234375	9.569752457	45.88256782	463.0101277	33.29035593	9.889811409	23.40054455	24.90923781	17.84497978	236	117619.0321	6.439395382	17.10866893	0.70383185	2.912443643	-1.006581713	6.791690609	-844.3348253	-171.3382027	-23.19048987	-4.013144102	-414.1164155	-83.52864562	-291.8100898	-101.5728201	0.982099363	23.2569382	-315.1928439	-0.734800443	7.381793446	-8.116593851	0.179650928	6.163662132
Melinis minutiflora	nat	1	0	848.58	0.096	0.758	254.8202375	28.388399	9.463278973	20.43630252	22.11225204	18.37478446	1414.553333	256.12	14.73333333	75.62280867	678.5866667	64.04	404.0266667	285.52	10.99273559	68.76655983	155.5048585	28.33134669	12.05634555	16.27500111	21.1268919	19.0719917	235	15940.31206	10.21659184	8.769840518	0.3275271	2.722520946	2.558336623	2.693843069	-583.1023517	-109.1003911	0.952941139	-8.120847918	-295.2337246	-5.079215817	-184.712941	-148.59843	-0.39077479	0.176577844	-5.402898791	2.633358946	3.567183879	-0.933824575	2.590755092	3.12212601
Melinis repens	inv	1	1	369.69	0.303	0.55	254.5506095	28.388399	8.802120379	20.1870772	23.51929931	16.07490683	756.3077905	143.0063857	9.001277139	79.67434009	379.6756066	35.11877395	249.6002554	108.4572158	13.18651271	60.5380582	309.2163244	30.33898741	8.051180253	22.28780717	22.23084922	16.88672175	166	136082.6532	9.879447727	110.6928861	0.562190463	4.814749351	3.019513551	6.94449959	-0.951626375	23.38174256	-0.489861597	6.593696586	37.0801015	-1.863066304	-86.75094067	3.46972484	-2.669161042	9.267192854	-163.530936	2.454391625	9.62735852	-7.172967057	3.350885882	7.339762159
Mirabilis jalapa	nat	1	0	2048.684162	69.698	1.5	246.5205432	86.020247	9.23009005	19.95770771	22.78416439	16.60757078	976.45629	202.4200426	13.62686567	89.76447282	528.4754797	50.21535181	326.7334755	76.01918977	14.4478427	64.26314985	253.5120409	30.94333657	8.245739675	22.69759695	21.76281849	18.46044191	244	108534.9396	5.8284489	18.33372868	0.336044162	4.401941545	2.829870867	6.11699061	-16.03523092	-3.244604315	-1.047918253	-9.210086074	-22.40530698	-2.127632246	-167.0141775	172.9106364	-4.295211094	7.336849631	-132.480461	0.665435505	9.14197953	-8.476544281	2.716128596	5.84657537
Momordica charantia	inv	1	1	3019	62.303	1.225	244.0202449	53.597432	8.134379318	24.55882435	27.51023415	21.1347604	1443.714964	287.7577197	18.11163895	83.55354767	733.1686461	74.13064133	425.8123515	216.0142518	9.765358404	59.10928345	260.0881026	33.32330457	15.2728927	18.05041188	25.74391934	22.31546099	244	224709.5419	13.39472889	38.47722473	0.483900633	1.036950358	-0.392393704	2.577680947	-651.935623	-114.7905836	-8.717272739	2.132133312	-298.7672382	-37.42172107	-282.7677511	-81.26777267	0.659524223	11.24142066	-118.9751916	-0.009220076	3.179219932	-3.188440082	0.139414044	2.798388716
Morinda citrifolia	exo	0	0	9050	14.99	6.09	227.5803497	34.637399	13.88002684	25.98415473	27.77774418	23.85786853	2093.855505	404.0206422	47.64220183	76.02784578	1047.84633	169.2155963	569.7155963	386.9747706	8.444008821	65.15195441	159.6738549	32.57628832	18.84568827	13.73060006	26.58686589	24.68269737	138	392960.0492	14.62508126	8.729542418	0.430419841	0.453100116	0.081079489	1.114680683	-1225.698646	-194.0402506	-40.93631948	20.53293806	-530.8659396	-142.5685373	-460.499909	-231.2492822	1.899128416	6.600987174	-40.65228567	1.382535273	0.613135218	0.769400109	-0.188826578	1.511420348
Moringa oleifera	exo	0	0	1411.852597	239.255	14.6304	244.1744127	114.804664	8.804018749	26.41915742	30.79238239	21.59221484	1328.525862	372.9224138	4.224137931	115.8245711	892.6206897	26.56896552	256.862069	198.8103448	10.8898617	49.19260111	369.7533041	37.59921233	14.39662759	23.20258476	27.51192223	24.23725013	224	197249.45	6.987818872	19.82585276	0.540279526	-0.429157525	-3.326826943	2.675562922	-524.3703089	-183.0668571	2.598084262	-22.29568175	-424.9873614	1.197701134	-121.8509571	-101.1103447	-0.246528284	21.79517686	-238.9499715	-3.766990222	4.355594689	-8.122584677	-1.184144302	1.283860722
Nerium oleander	exo	0	0	1981.39	3.491	3.262	227.3480847	29.52849	13.85936464	15.91278983	23.21319834	9.047306541	765.3655589	125.496811	21.37562941	53.09192259	328.18429	81.77005707	134.0906344	215.1930178	9.794411042	38.58524301	581.5551926	29.9501639	4.177868908	25.77229497	13.74214209	19.66507842	422	234564.5179	5.682552026	49.39142776	0.603827305	10.42498813	4.475690588	15.73936033	57.10110369	70.30318848	-15.33118492	42.31696667	161.7045945	-56.70339015	-32.15729984	-74.99301805	0.570033373	34.72364575	-462.0707499	3.82539152	15.36879756	-11.54340615	12.60230231	6.672699413
Nicotiana glauca	inv	1	1	5515.04	0.032	3.862	230.9951606	59.8247585	7.818589851	17.60827741	22.76287203	11.97836921	713.6704545	115.7045455	17.53787879	66.51493074	311.8636364	60.40530303	285.7272727	64.125	13.22121767	52.5831267	440.9787347	30.0372152	4.577676772	25.45953837	21.91358584	12.35583052	198	295260.8809	8.516456372	154.8737177	0.551368306	7.480382324	3.997609082	10.87283355	-129.852585	13.87277413	-11.47602311	18.76101416	3.074507022	-35.0066775	-147.1224612	15.74441577	-2.519499446	16.03061919	-278.5405896	3.154880877	12.99723732	-9.842356212	4.023527521	11.87647186
Nicotiana tabacum	nat	1	0	9050	0.043	1.709	229.3529681	59.825239	11.04965536	19.28616668	20.13789897	18.26727276	1405.212121	195	52.90909091	52.8674567	542.030303	180.4242424	393.9090909	194.030303	11.78635353	79.74155542	78.1275629	26.42896973	11.55963629	14.86933344	19.60652522	18.49814148	292	4056.149504	9.063870521	5.987642551	0.24588951	4.4171666	5.098767714	3.35939388	-606.7121273	-34.7666687	-42.64242426	27.10587628	-133.930303	-142.3242427	-209.6757573	-57.99696916	-1.399686851	-11.30155565	71.36910382	5.087696873	4.760363974	0.327333182	4.880141079	4.538525203
Nopalea cochenillifera	nat	1	0	27884.43	5.449666116	1.142580506	243.2882305	11.822018	17.78491021	24.11748045	26.21870591	21.55023541	1280.588235	259.5882353	15.88235294	89.42104766	690.7058824	55.11764706	419.1764706	69.94117647	13.27849035	67.05545538	191.4500694	33.75882407	13.92611762	19.83270645	25.33756862	22.56733345	177	293342.806	7.320162439	3.96196355	0.371638267	1.429186653	1.021293483	1.936431077	-346.0548979	-88.32156964	4.717647345	-23.8743817	-243.4392167	18.48235332	-280.643137	298.9254877	-3.058490271	2.124544929	-32.29673386	-0.485489565	4.573882383	-5.059373093	-0.510901597	3.626000371
Ocimum americanum	nat	1	0	683.3857192	0.881	0.509286373	226.1059665	26.486808	8.503931413	22.17560024	25.36894157	18.25347483	900.9382022	196.2022472	12.62359551	87.42508929	481.494382	48.25842697	279.5168539	98.88202247	12.44599768	60.50209463	291.5651612	31.84923626	10.46267355	21.38656266	24.27896554	18.99707088	232	310950.1665	7.216996213	10.00991595	0.587689758	3.246066568	1.551058692	5.228191925	-145.5048633	-50.1689136	-0.890262144	-14.87175601	-106.8777126	-1.64175991	-114.7168553	18.06797677	-1.89599763	10.01123926	-147.0018292	1.279097591	7.670659801	-6.391562582	1.929367568	5.689595704
Ocimum gratissimum	nat	1	0	5678.73911	0.972	0.803867371	226.555812	26.486953	9.209738286	22.50300203	24.68804695	19.90929785	1256.862816	255.3862816	15.64620939	82.09551715	628.7761733	66.92057762	357.1407942	196.2635379	10.90211454	65.72805128	195.9572343	30.74580728	13.52894547	17.21686177	23.50524033	20.86424091	243	310774.5956	9.551445651	14.51905618	0.448752949	3.238225978	2.569847769	3.911754751	-418.2663233	-80.89505298	-3.786560343	-1.653411905	-183.425295	-22.35917404	-211.7197421	-24.32494153	-0.7687812	4.271948822	-52.97565621	2.448929406	5.135089703	-2.686160086	2.244759566	4.713829073
Oeceoclades maculata	nat	1	0	6804.974365	0.039834615	0.283	259.0491953	42.358034	8.950685116	23.75334988	25.12373352	21.84440002	1397	307.9	3.9	92.10415192	745.9	21.5	339.5	89.8	10.79150004	66.47795334	135.9256435	31.49239998	15.17919993	16.31320019	24.1185997	22.4925333	236	150529.1633	7.070160351	6.630230874	0.133439028	0.508131472	0.6540443	0.4089333	-484.7703722	-132.4333325	10.73703704	-21.07304077	-290.3444448	34.24074014	-162.7518529	125.0518512	-0.857425918	2.868713294	11.61509633	0.182414839	2.106725995	-1.924311235	0.401400248	1.674874136
Oldenlandia corymbosa	nat	1	0	75	0.39	0.077	228.4070966	24.687774	8.526589585	24.73258801	27.00743254	22.26865347	1257.68	266.6553846	11.91384615	88.38682691	665.5938462	52.93538462	296.36	244.1661538	10.93286101	64.45724494	194.0879095	33.43475695	15.69696862	17.73778834	24.98892338	23.44033346	219	236916.097	10.62216019	3.407679519	0.534736608	0.985059099	-0.07606007	1.917621117	-312.0721509	-63.91028493	-0.168747942	-4.628003062	-153.2997285	-4.621659312	-126.3403925	-77.16615194	-0.71913558	8.699617876	-79.76438027	-0.509266852	3.154011743	-3.663278437	0.983625497	2.112607584
Opuntia dillenii	nat	1	0	1060.29	21.92	1.039230485	242.9992951	11.82202	25.13881924	24.30272174	27.57416807	20.44198671	1040.408163	189.1020408	25.90816327	68.47232908	480.4897959	93.34693878	337.5	126.5204082	10.99843394	59.42208356	293.4462805	33.62724693	14.35777363	19.26947329	26.39093873	22.44560287	140	288838.3857	12.27747864	5.423095799	0.537735361	0.963945214	-0.812263216	2.805632513	-209.3843552	-23.29251846	-13.78911562	3.55386154	-57.08503365	-46.44217698	-166	14.0034029	-0.955576838	11.39934474	-145.9510418	-1.003437529	3.961274029	-4.964711335	-0.393319509	2.330587611
Opuntia ficus-indica	inv	1	1	1060.29	13.63	3.04	243.841159	11.822018	10.66859888	18.1693978	21.47971236	14.31718891	644.3289474	144.9561404	6.035087719	93.92962926	380.1929825	25.70175439	247.6096491	45.38596491	15.88741232	63.38463214	294.2686162	30.32055278	5.084657186	25.23589565	20.43740257	16.5653175	231	193136.9841	6.337891648	18.43872545	0.221669652	6.021510977	4.37180298	7.776750612	6.428632088	-11.07735409	2.752790967	-15.11750761	-38.61722673	9.964912512	-76.76116404	30.88676115	-5.511654841	4.857791174	-136.7292228	1.700659187	11.7214036	-10.02074404	4.30502161	6.461955508
Panicum repens	nat	1	0	675	0.75	0.548	254.9505285	5.988304	19.57835166	22.30836427	25.70288362	18.58380801	871.2898551	172.9782609	8.557971014	85.26888159	441.8695652	37.83333333	192.1449275	224.3188406	11.3246241	57.80408558	295.1548989	32.10787674	11.89567467	20.21220209	22.08276954	21.77331959	219	545609.8099	6.708252718	3.036355815	0.553214585	4.202747304	2.269338705	6.171747456	-209.7898551	-18.42270616	-5.169082059	7.975562939	-58.31400797	-21.38888884	-75.53381621	-140.2077291	0.197597946	15.31813605	-163.599343	2.619901699	7.037658723	-4.41775785	4.839452598	3.848902357
Parkinsonia aculeata	inv	1	1	675	109.858	5	231.7569418	17.037366	7.612074499	20.39910243	26.39774604	14.16678342	696.1474531	116.8114388	20.2922252	64.55580495	299.7399464	73.15638963	221.6353887	116.6577301	13.56858224	51.97733482	500.2082792	33.87224412	6.752356567	27.11988753	23.38065859	17.98098036	227	489920.4301	6.096959626	149.9183989	0.643533471	5.505272559	1.107878954	9.70717492	-27.8307882	34.33856174	-13.5422252	22.42356997	72.67046984	-45.25013968	-81.88747192	-32.48689679	-2.689207198	18.12454017	-350.0711959	0.085255863	11.65493511	-11.56967925	3.123299645	7.15985285
Petiveria alliacea	nat	1	0	7083.160566	13.54	1	246.6747822	142.881595	9.113346195	24.16791876	26.0925327	21.91982485	1597.737676	269.6778169	34.7693662	69.63497384	710.8309859	127.9137324	434.2869718	253.346831	10.87744431	69.26444618	172.6486547	32.08534817	15.85106375	16.23428444	25.19443595	22.96011838	293	275948.798	8.866426777	18.74662996	0.695287319	1.618313114	1.170510584	2.161334536	-717.5927461	-63.42419277	-26.95052552	23.49183806	-196.2295389	-96.8050367	-308.214508	-80.77436714	-0.470198046	1.53845272	-42.08053889	1.374796703	2.853284004	-1.478487382	0.666433666	2.651475817
Physalis angulata	inv	1	1	3628.889433	0.56	0.526217867	230.6056741	25.279264	7.813048483	24.00738656	25.74063527	22.1108153	1688.27896	253.9125296	47.8321513	60.83305389	690.9834515	169.4018913	420.9621749	362.7021277	10.48916855	71.55718672	149.9869992	31.55230391	16.26054751	15.2917564	24.88886738	22.95027802	244	724522.6967	11.5896682	35.40826042	0.527273148	1.877884804	1.579519743	1.986084003	-927.1355503	-75.54043591	-40.70424425	30.99872919	-250.3904297	-140.3476278	-301.0590742	-221.6013531	-0.153897264	-0.209124517	-16.70134056	1.924827868	2.665033902	-0.740205965	1.330124808	2.697784042
Physalis pruinosa	nat	1	0	2167.641004	0.855	0.6	228.7891311	35.133112	22.23786241	23.38031256	25.70378836	20.94092833	1077.824324	236.7567568	6.094594595	103.1979231	614.8108108	25.18918919	323.2162162	65.55405405	12.76294591	67.42841664	194.7690855	32.81856081	13.60000454	19.21855634	24.73854133	22.50075824	173	170159.0139	9.018885256	4.79491246	0.207859367	1.983020762	1.346211261	2.119071517	-493.7243274	-90.19008806	-1.261261174	-9.227923398	-269.0108184	-5.989189189	-203.6162174	-11.55405339	-2.232945891	0.828251452	-29.99908738	0.631439384	4.396662561	-3.765222866	1.65145882	1.835908444
Pithecellobium dulce	nat	1	0	2575.013273	65.671	20	227.844909	23.50361	11.49014005	24.27609029	26.78914161	21.48970672	1113.620743	219.5588235	16.66718266	86.84190133	569.3978328	64.89473684	334.5665635	159.3529412	12.80930898	67.95439063	218.3471313	33.81450126	14.25108297	19.5634183	25.66605279	23.42162136	62	299267.5881	12.34440121	14.7964633	0.524666187	2.033311542	1.016841221	3.123968568	-258.7233056	-25.83232774	-8.624447569	2.368355783	-81.20125345	-31.89473693	-228.4896401	-8.327299588	-2.565719236	3.262703205	-86.71037946	0.044473004	5.172848693	-5.128375581	0.523690842	2.975814387
Plantago major	nat	1	0	4852.23	0.22	0.167	228.2138834	102.320484	7.91736923	7.125305671	16.7429735	-2.265984699	755.4889457	96.62397604	35.91649784	32.33454163	265.2338589	121.1193517	216.5871576	169.8719281	8.457638406	29.76348377	776.3266868	22.92194037	-6.523006843	29.44494722	12.7228903	2.860602289	188	225524.2035	7.262174333	100.4923857	-0.140019926	16.78449817	8.696242333	24.13069063	79.47183746	56.10151341	-21.28904676	40.50271306	134.8445704	-66.51150871	2.667744867	-32.34251541	2.422753725	39.1188685	-627.6070789	9.040805075	22.70535975	-13.66455508	11.78887445	19.84527984
Plinia cauliflora	exo	0	0	324.53	3.992292574	4.268940471	238.9783689	45.056939	8.939291607	20.93161994	23.62976244	17.84163261	1516.935484	228.7204301	48.30107527	52.00936165	624.4677419	171.1397849	530.6129032	220.0107527	10.85667525	62.25664775	239.6970968	29.19939393	11.46779599	17.73159791	22.88338807	18.34838321	191	10549.95354	7.099084566	14.96437079	0.125688656	3.032016457	1.845994808	4.179579364	-708.9051882	-67.96285204	-38.02834791	22.97245542	-206.7101611	-132.7458457	-323.6735087	-34.40469439	-0.699099465	6.649411519	-95.90012745	2.300605725	5.274628106	-2.974022264	1.598430044	4.68798039
Prosopis juliflora	inv	1	1	29.84625	38.377	10.058	229.9422652	57.250983	8.107096771	24.26259212	26.58488467	21.70435427	1029.253472	204.1111111	12.5	84.71675477	515.7256944	52.10069444	286.7152778	154.28125	12.32380254	70.31332187	201.2122712	33.24683676	14.78258692	18.46424986	25.64168595	23.21035687	118	350929.5514	9.542233938	14.08013446	0.421959629	1.589788871	0.820935514	2.191413033	-403.988925	-52.71957591	-8.182539675	10.12134016	-147.8473867	-33.83614417	-160.4877639	-78.30770467	-1.589411005	-0.106443812	-56.61544575	0.52935389	3.666619413	-3.137265632	0.737150089	2.039378461
Prosopis pallida	inv	1	1	29.84625	45	24.331	229.3997165	57.250983	8.842901175	23.43849313	25.25960823	21.76100377	450.6666667	110.25	10.125	110.7190584	258.4583333	34.375	239.8333333	40.45833333	10.18873157	72.36867237	146.0657047	30.49688832	16.34585131	14.15103694	25.12832201	22.16106451	120	178587.3367	8.217690772	8.760793673	0.309794107	2.457441833	2.32169246	2.034118235	184.0406519	44.23780469	-5.271341516	-16.85564378	109.4034544	-13.07418701	-101.8495929	9.013211584	0.738097779	-3.195502049	8.800149181	3.602298647	1.950896593	1.65140217	1.57167806	2.677146833
Psidium guajava	nat	1	0	3048.58	10.326	9.134	239.7082181	42.881257	8.242965044	22.53184765	24.40611891	20.34654602	1541.21409	257.5205855	36.44373285	71.78353613	685.2186642	132.6559927	424.2406221	264.4492223	11.62358211	70.93239082	167.6176651	30.88636034	13.87688408	17.00947627	23.55267592	21.57572834	293	60916.68685	6.795700424	29.72353779	0.629505723	2.890837474	2.499436661	3.252065065	-748.7372372	-84.2566957	-27.46225139	14.08683447	-248.2186647	-97.4615483	-280.2915474	-118.5788526	-1.105526563	-0.056464857	-30.2130355	2.251139738	4.339782543	-2.088642865	2.087601887	3.461771776
Ricinus communis	inv	1	1	21322.7576	332.116	4.966	236.9860563	64.349192	8.382414582	19.87098092	21.30441013	18.65869236	1023.576923	205.1923077	12.38461538	81.88312677	518.2692308	53.11538462	228.1538462	235.1153846	14.08383329	75.73741003	108.3838466	29.1627691	10.53153856	18.63123035	19.68515385	19.21512813	293	143193.7024	7.460041742	45.31440436	0.034594673	5.640461745	5.742853516	4.972650941	-229.9450876	-25.27191018	-4.81745117	7.402942841	-67.49808755	-22.82682746	-101.4523532	-104.7074244	-3.819156656	-5.67173831	32.41714801	4.032255734	7.959008677	-3.926752816	6.100418343	6.054026036
Rivina humilis	nat	1	0	4885.023963	3.203	0.6	246.8594849	142.881594	8.384326651	22.07563514	26.20670224	17.46146537	1182.582176	197.3217593	31.46643519	62.58274498	512.8148148	113.9108796	354.6232639	175.1927083	12.05777392	58.33015932	358.2648807	32.75834102	10.6438482	22.11449283	24.78797616	19.17300098	422	278725.034	7.97565762	41.29192334	0.528035919	3.006556695	0.4490055	5.582370392	-426.9885672	-44.73271785	-20.11027074	12.6300404	-126.1253184	-69.21224969	-208.2442685	-30.68129361	-2.042705444	11.14198675	-207.4680763	-0.182541885	7.480809405	-7.663351305	0.744443937	5.595492044
Saccharum officinarum	exo	0	0	24907.09492	0.4	2.691	256.2647573	16.2589268	25.00591836	21.64963027	24.68905258	18.11904694	1835.882353	295.8235294	64.52941176	50.53925071	783.2352941	225.2941176	695.4705882	265.2352941	8.224080563	55.55681677	267.2725778	28.79464755	13.22439365	15.57025393	23.15720923	19.85719204	178	303103.1808	6.526908435	6.050715796	0.459354265	4.155925078	2.58872509	6.153175261	-942.7712435	-83.26797343	-59.08496735	47.93852741	-251.957518	-204.1830062	-600.9705873	-46.90196492	2.242586136	14.96540574	-143.4836883	4.82201924	5.41449487	-0.592476134	2.731680085	5.926141739
Senna siamea	nat	1	0	675	24.131	9.487	231.610146	59.49555	8.59978436	24.57368774	26.97095011	21.41500091	1670.283582	285.4477612	36.56716418	69.91684646	762.0447761	133.3283582	529.1492537	240.4328358	9.790251141	61.0588203	230.4684952	32.5217025	15.08862579	17.43307677	26.01716207	22.01208403	143	241027.9076	12.450263	8.779160189	-0.044164341	1.013349348	0.117938904	2.418332427	-870.6909867	-106.4107235	-28.21531234	15.87944998	-312.8040365	-99.55058064	-403.5936983	-99.85876235	0.56900804	9.405994842	-95.35923505	0.770889977	3.472485232	-2.70159538	-0.281976973	3.308286117
Sesbania virgata	inv	1	1	7206.740976	20.3204	1.949772845	231.0432791	33.452912	11.92801647	20.34976947	24.63065042	15.83611227	1235.486339	171.9726776	43.96174863	45.43212414	466.7431694	151.0382514	413.6612022	162.579235	11.31365201	53.73592066	359.6971048	30.91366589	9.488585857	21.42508004	23.31404554	16.33830096	82	100840.7921	7.24446542	39.16779248	0.310739858	5.026897079	2.417682842	7.395554292	-574.5363388	-30.38934401	-35.74508198	35.36954212	-116.676506	-119.2215848	-278.1945358	-49.29590205	-0.548652051	15.08074632	-200.707105	2.561334209	8.383080622	-5.821746809	2.537621195	8.546698988
Sonchus oleraceus	exo	0	0	2619.09	0.287	0.795	231.408686	55.662736	8.075832221	9.76148571	18.0333029	1.802165139	768.2070707	96.06721057	37.43881119	30.70109578	264.6524864	127.2937063	196.7078477	192.0668221	8.574355067	33.49155191	665.4007142	24.21611164	-2.224209752	26.44032142	12.15827342	8.046290063	234	33696.67789	6.534524885	137.6280191	-0.480605903	13.8173023	7.143464796	19.56248119	-51.17676028	33.16511398	-23.23679096	38.2999143	65.79195727	-72.81895907	-7.303807689	-66.64257875	1.802412583	34.77410418	-505.6098058	7.196009582	18.42825025	-11.23224058	12.1710194	14.8466393
Sorghum bicolor	nat	1	0	13406.48	11.183	1.609	257.6216837	13.3904208	11.38448997	22.89969491	25.55084167	20.2800435	910.2816594	197.1659389	8.759825328	86.87085701	494.4148472	37.2139738	193.19869	217.058952	12.73714464	65.36076934	216.5517745	32.805746	12.70888757	20.09685845	22.53410235	21.27979421	154	572233.4822	9.938198363	7.0634395	0.621308731	3.239888436	2.024158496	4.157456496	-109.5733292	-20.62427188	-1.509825298	1.762476908	-48.89401987	-7.443140486	-47.94869019	-75.20478391	-2.149644721	6.466313772	-86.87885524	0.971337521	6.272362475	-5.301025045	3.790897455	4.422289022
Sorghum halepense	nat	1	0	5260.54	3.464	1.406	256.2545396	13.403397	17.23281716	20.21641527	27.0369421	12.84584861	714.3888889	200.4444444	3.944444444	107.375074	480.4333333	18.77777778	108.9888889	196.1555556	11.29297456	41.92173261	580.2806549	33.87234308	6.532056285	27.34028687	16.31464752	24.34278504	243	132634.3864	6.657295913	15.14438256	0.64174631	6.746084589	1.365141296	12.55623491	128.944447	16.97222349	0.513888839	-2.960490364	54.94166094	0.951389028	-0.447221427	-108.0722232	-0.838808025	30.33035117	-458.5202384	0.781823614	13.6262769	-12.84445359	10.77493564	2.242631279
Sphenoclea zeylanica	nat	1	0	3961.849468	0.01	1.5	232.4511107	113.092924	18.5995544	26.18434547	28.24324637	23.86338322	1286.384615	313.6153846	11.42307692	101.2355713	763.8461538	50.30769231	356.4615385	336.7307692	10.59201334	64.42794844	180.8841782	34.02939166	17.43895241	16.59043914	26.76849439	24.98061767	240	206465.3844	7.122308408	1.889730969	0.307039302	-0.28737593	-0.603852479	-0.236110354	-610.2027917	-154.1002326	-5.998834448	-6.941631931	-382.9673669	-26.06526795	-236.6736609	-239.0944055	0.107986642	3.093264053	-15.45387823	0.079700016	0.758017056	-0.67831797	-0.216979154	0.092109707
Syzygium jambos	exo	0	0	61.83	2380	15	240.1219318	71.750999	8.40542849	26.16211141	27.26071129	24.74551099	2197.266667	329.1333333	94.26666667	49.64846032	861.8	323	519.4	566.6	8.931199964	75.74318441	102.6066577	32.35226644	19.66533337	12.68693314	26.12715556	25.27742221	307	19145.01939	8.962826151	18.75910866	-0.059704253	-3.55544459	-3.191822688	-4.183288574	-1367.422217	-178.511114	-80.35555553	22.04931774	-467.4444448	-272.1111117	-253.8888891	-477.3555555	2.628800138	-6.580962118	42.15111872	-1.356710688	-5.409777768	4.053066699	-2.69604454	-4.339644241
Tagetes erecta	nat	1	0	2062.398	3.285	0.19	230.3097267	20.093289	8.550631464	21.27347361	23.56800106	18.53657339	1191.058968	243.4275184	15.74201474	92.06369498	648.3759214	55.95577396	373.8648649	82.72727273	13.67804194	66.4037116	206.1182484	31.38458324	10.63561976	20.74896353	22.56032216	20.03808824	246	161387.1186	6.843986373	4.305612029	0.36300415	1.926526607	1.160570152	2.472950545	-481.1065842	-113.1894214	-2.408681454	-22.90655344	-319.9949683	-6.241488241	-157.531529	26.55843938	-3.178042072	2.386763432	-49.58015372	-0.470297577	5.054856389	-5.525154015	1.463487541	2.004768521
Tagetes minuta	nat	1	0	1934.092379	0.84	0.739	230.1616736	20.093289	7.856807805	17.69903072	22.06516344	13.05465307	1091.147799	154.4937107	41.13836478	51.68641095	418.2861635	141.8899371	358.1855346	183.4245283	11.86385616	55.41549745	368.6406847	28.60417664	6.465441308	22.13873533	20.4155019	14.30250694	244	1803.709952	10.41432147	60.88100819	0.605954247	6.19612094	3.46756389	8.652619828	-351.4447686	-5.457346778	-30.68987988	24.8814677	-43.30434534	-100.9747858	-183.1188662	-53.75180099	-1.197189493	13.09177544	-209.1055319	3.366732449	9.91698296	-6.550250459	4.311164809	8.72173556
Talisia esculenta	exo	0	0	5958.05	587.2966667	9.208511186	243.2366581	61.165864	8.253589377	24.46347129	26.06251327	22.30796639	1454.461538	241.7008547	26.48717949	66.34939449	663.0854701	98.00854701	413.7948718	236.4615385	11.17359531	67.8854733	159.8110812	32.10951357	15.47736403	16.63214951	25.40079932	22.73297383	233	768239.4685	9.86856819	27.45206101	0.004142827	0.405215617	0.315769508	0.748599418	-603.9716407	-48.25135979	-19.71950271	24.54959545	-177.1915316	-70.84693086	-269.6938616	-94.63325551	-0.716524635	2.039779441	-23.74138453	0.588466186	2.210514853	-1.622048451	-0.272011469	1.738238208
Tamarindus indica	exo	0	0	23653.92177	716.86	12.19	236.0655334	80.403348	8.525458883	25.84845944	28.32090585	23.48762776	952.1723356	220.6530612	5.421768707	101.4398278	558.0793651	23.88888889	227.5623583	236.0068027	11.75118504	63.5721754	199.5209744	35.14163597	16.38392514	18.75771086	25.65991539	24.51354754	422	257383.3503	10.48730778	13.54968644	0.591966139	0.196725983	-0.737942883	0.744965184	-196.2019661	-47.94935775	1.830083222	-12.93019841	-126.4941817	6.222222148	-102.98458	-108.6586531	-1.236370222	7.019676741	-61.41875217	-1.30682118	2.500519223	-3.807340494	0.578603215	1.076822764
Tecoma stans	exo	0	0	6844.357516	6.077	6.09	225.8234039	80.5787478	15.00944264	21.09432303	24.45478476	17.37544632	1023.506909	188.4087273	19.95854545	78.08553535	490.9883636	74.86254545	320.2749091	145.1774545	13.2549502	64.30924799	291.0432387	31.70011248	9.95055453	21.74955794	23.35079505	19.64664627	189	578.55616	6.749054377	9.399353471	0.735874711	4.865677198	3.034104168	6.735664878	-283.7513488	-23.74205959	-10.71410105	5.323353146	-79.83281147	-36.6403237	-194.8971297	-21.95523241	-2.926061339	6.337418732	-151.4654601	1.913220393	9.018334325	-7.105113663	2.851427136	6.153353601
Terminalia catappa	inv	1	1	13078.42	2840.912	13.71	243.5203341	52.704007	12.96694741	26.17205471	28.48039372	23.68145214	1836.189944	358.9553073	42.35195531	79.18589911	912.6759777	152.2346369	449.273743	365.1201117	9.032017239	63.11945241	193.147012	33.88833674	18.28757058	15.60076616	26.56878924	24.9746812	240	234180.0182	8.170811373	7.695346344	0.424119183	0.29877851	-0.709560468	1.379659153	-948.7732775	-153.2053082	-33.08806633	13.65715645	-394.6482048	-117.7901925	-328.3848536	-238.9395552	0.6221494	9.249992758	-81.39701103	-0.449448106	1.711040594	-2.160488343	-0.02990047	1.390596642
Thunbergia alata	nat	1	0	4503.917799	25.8	1.229667917	226.4433908	69.475678	13.87033283	18.85223805	20.91417885	16.4213711	1041.165493	184.7957746	22.58098592	64.81064458	461.7253521	87.08802817	309.8802817	146.6443662	11.30440192	67.62011993	185.2276324	27.09788808	10.00224438	17.09564372	19.71997793	17.4066219	191	129469.5055	6.340597351	6.578297485	0.366950621	4.666809828	3.957249778	5.19291451	5.120230047	6.204224262	-5.580985779	5.079831099	46.03654538	-23.56421928	-108.1183733	80.3080133	-1.84249712	1.575118458	-48.58477801	3.435445831	6.797755542	-3.36231027	3.746688977	5.998139824
Tradescantia zebrina	nat	1	0	15.6624309	2.49996	0.214670593	261.0360575	19.840317	27.16996517	23.01081685	24.91627239	20.72433101	1851.810924	321.6428571	31.84453782	74.13103179	843.7478992	118.9705882	451.7310924	309.092437	11.35902823	68.0079862	172.4388741	31.48126771	14.43687324	17.04439448	23.92175714	22.22255091	117	49128.76749	10.42565861	4.278223438	0.125600941	1.300294176	0.494838808	2.109002743	-779.070178	-114.2724907	-14.91861192	-0.634735861	-302.5627202	-58.37799568	-287.8051662	-72.75910534	-2.499768834	3.866088103	-63.95739195	-0.859046084	3.829793599	-4.688838947	0.793057579	2.333004858
Tragus berteronianus	inv	1	1	172.6204191	0.257	0.45	254.8520624	25.855332	8.924623933	17.94261216	23.28251263	11.7425244	590.375	106.9431818	9.712121212	69.28889112	281.280303	36.31439394	252.9507576	45.17045455	13.76290951	53.50854015	472.4764219	30.20338631	3.409472198	26.79391415	22.58041411	12.00780215	222	206978.8099	8.506028678	152.1773577	0.707603137	7.787447395	4.0716541	11.89854712	45.91368948	40.01812727	-3.173430715	18.44801374	77.8595777	-9.33820356	-121.3108765	41.87121228	-3.195945216	15.98967409	-318.3061841	3.435304209	14.98903964	-11.55373555	3.789526378	13.01987646
Trianthema portulacastrum	nat	1	0	713.2616813	1.477	0.05	245.4784259	149.752278	14.42381145	22.73205271	27.97913783	17.24170885	817.6380368	171.4331288	12.89079755	83.97761745	432.1092025	49.6208589	243.5300613	119.9680982	12.93565444	54.71609102	438.6667722	35.16642873	9.907416041	25.25901267	25.18711896	21.74025709	101	518610.5836	7.883632869	18.71238268	0.700098492	4.251785802	0.409751018	8.131018512	20.44276726	32.21333635	-7.153423811	15.34460437	73.24433537	-25.90368724	-123.8128897	20.91069043	-2.623533161	17.41623251	-315.3091965	-0.668448961	10.20672519	-10.87517422	1.929042445	4.954692266
Tridax procumbens	nat	1	0	468.02	0.69	0.833	230.3949342	19.326858	7.857108086	25.13125675	26.44368927	23.70939402	1652.298246	278.1637427	29.44444444	65.73608236	717.4561404	107.8245614	363.7894737	298.8245614	9.108420709	71.28685749	112.7437088	31.53791936	18.69032864	12.84759072	25.47700833	24.52145889	85	375780.2783	8.221359863	62.77619349	0.19222295	0.527200966	0.772231197	0.041103488	-875.5171537	-102.1115047	-21.33996682	22.14749969	-278.4362407	-75.61560615	-233.3242992	-174.4414763	1.22715143	-1.430638558	30.7416145	1.85834916	-0.143064942	2.001414282	0.400354831	0.820580929
Urochloa arrecta	nat	1	0	1836.854645	1.52974	0.633226914	256.8464	28.388408	25.9004115	20.79869143	23.21476555	17.77311085	914.8518519	152.2592593	18.92592593	68.1100567	409	70.59259259	302.5555556	97.74074074	11.46049376	62.70463039	225.7037717	29.28103708	10.60814814	18.67288886	22.80335808	17.93641952	93	36187.65619	5.899932488	13.35475155	0.590398005	6.417975426	5.590790113	8.010222612	93.64814815	112.5740715	-13.03703693	38.17883159	235.8333333	-41.31481444	-205.7777763	42.3148146	-1.127160426	8.706480803	-102.2093284	5.724519023	9.919629212	-4.195111063	3.902197202	9.14135834
Urochloa brizantha	nat	1	0	2287.22	0.9361936	1.001	254.5156131	28.3884	9.727072729	21.91672067	23.45543497	20.22834603	1195.557143	223.6047619	10.32380952	79.8157196	578.3619048	47.1	264.6619048	224.5619048	11.44956187	69.55602252	134.447962	30.28933328	13.45521906	16.8341142	21.97000635	20.90126037	127	87309.54138	10.02483646	9.092853345	0.262743764	2.338835053	2.471231547	1.698320743	-439.2015846	-107.1380957	9.409523682	-22.71571909	-255.8952391	24.41111062	-69.92857194	-45.69523574	-1.665117314	-2.724911372	34.24314819	1.339555677	3.562558573	-2.223002815	2.225549398	2.854295358
Urochloa decumbens	nat	1	0	981.62	3.336	0.55	243.338353	28.388399	9.721040346	20.34154602	21.08442286	19.56289563	1183.768657	182.3656716	22.03731343	57.15202959	464.7164179	96.28358209	262.8507463	229.4626866	11.08881841	79.72053773	64.22849238	27.48838806	13.45277613	14.03561192	20.39156218	19.99165174	95	189239.0502	6.241395549	18.33698817	0.464481847	4.713216143	5.527481967	3.64662825	-361.6496098	-5.437101848	-10.18017042	22.48606572	-20.45451388	-48.87882057	-109.3269387	-116.8436383	-0.774532626	-9.894347596	77.21912692	5.190183231	4.432937988	0.757245249	5.098913879	4.608348095
Urochloa mosambicensis	inv	1	1	2012.987442	1.225	0.3362	254.9095876	28.388399	11.29872859	21.10651926	24.47035272	16.71980226	693.7945946	132.2054054	8.2	79.38651319	349.4054054	31.40540541	299.3243243	38.15135135	13.1517054	59.75459991	322.9809087	30.58438654	8.326929769	22.25745674	24.14350087	16.84945693	86	266823.2376	6.438811088	25.38459225	0.569439063	4.528897371	2.660897424	6.994781258	34.87207334	31.48209459	-0.554166627	8.084320351	56.30292284	1.240427848	-164.3243255	70.49448095	-2.660038901	10.99123444	-181.3204921	2.771863272	10.1230701	-7.351206679	2.060665901	8.394293407
Urochloa mutica	nat	1	0	2125.29979	0.9876	0.917513571	254.8212858	28.388399	12.05718284	25.96830435	28.87491598	22.97842444	985.0649351	215.4415584	6.376623377	101.7888481	523.7662338	36.22077922	206.2207792	220.3116883	11.11282249	61.71553342	240.6576041	35.34621719	16.4342153	18.91200188	24.85670366	25.76816997	243	204368.4127	8.701136737	3.792372786	-0.076935124	0.384725942	-1.006734142	1.674605865	-249.4134139	-35.22943561	-0.316017309	-6.341878074	-87.46320739	-11.17532465	-89.88744525	-105.9328997	-0.741610397	9.53295076	-107.1348765	-1.270459299	3.038511914	-4.308971591	1.759963135	0.142436238
Urochloa trichopus	exo	0	0	1414.841633	1.33	0.25457299	256.4690637	28.388379	12.90037378	21.27154812	24.58040667	16.96432786	710.2252252	137.5045045	8.297297297	79.90807769	359.8738739	31.26126126	299.6576577	40.71171171	13.09726786	59.99528844	317.4610749	30.73650905	8.625327357	22.11118165	24.20220389	17.09921349	86	243678.6422	6.248583339	20.50168347	0.668286112	4.93358004	3.12984976	7.469005762	36.85169785	43.4954955	-2.399861375	14.84833218	88.76714668	-5.209979699	-187.5550939	42.08315999	-2.415216572	11.54060904	-183.0918451	3.29938828	10.40544177	-7.106053372	2.46446273	8.800786424
Vitex agnus-castus	nat	1	0	3467.996078	8.657	3	226.4338535	20.136192	14.79099927	14.23676135	21.85494326	7.185932423	714.8705967	98.87562904	26.6736161	42.58807358	267.1279655	97.04457225	110.7390367	229.635514	9.300199466	36.47341345	603.7823295	28.3736548	2.860505097	25.5131497	11.37253006	19.21337778	160	188290.5805	5.682347925	103.820682	-0.426515996	12.41561987	6.135533208	17.76406766	94.10559306	86.24341839	-17.93552073	48.5595454	195.7767913	-64.9731433	19.57048678	-109.6831327	0.554562509	35.97896768	-478.5109029	5.409678705	17.20616137	-11.79648293	15.57508911	7.055669956
Zea mays	exo	0	0	31173.3	232.285	2.08	255.9365344	29.7497008	19.73612332	20.7530615	23.8332811	17.19706991	1099.663801	221.6620808	14.28116939	88.93702732	578.494411	53.80309544	347.5305245	112.7050731	14.20433478	64.18868547	272.2768226	31.7965742	9.104955083	22.69161906	22.83871937	19.23265922	174	111107.2195	5.946607177	44.17666931	0.391581421	4.726303713	3.191057489	6.370125985	-354.7431661	-64.24938229	-5.86317998	-6.531735781	-176.8171647	-19.93537032	-212.1019524	30.77640816	-3.884758102	5.860520732	-128.6858162	1.382790804	9.271764422	-7.888973544	2.61154515	6.022367188
Zinnia elegans	exo	0	0	2738.147591	9.003	0.4	230.901357	24.296074	11.80989844	22.99022212	25.36640995	20.27446056	1427.366167	271.7730193	19.93147752	85.75811908	712.1713062	75.16059957	381.9379015	201.4068522	12.78879798	66.92513907	208.7472822	32.63150587	13.05692081	19.57458505	24.25349767	22.07473356	216	298975.2648	7.096114733	6.31118565	0.287067798	2.163111289	1.164700944	3.081095035	-600.4550546	-101.2841322	-8.353699749	-7.082563156	-281.0824197	-29.29393341	-232.3379035	-31.05129481	-2.444353389	4.199305514	-74.26061662	0.041827745	5.016412358	-4.974585051	1.308724746	2.791932975
