sp	stat	naturalized	invasive	LA	SM	H	MPD	PDmin	MPDw	Bio 1 native	Bio 10 native	Bio 11 native	Bio 12 native	Bio 13 native	Bio 14 native	Bio 15 native	Bio 16 native	Bio 17 native	Bio 18 native	Bio 19 native	Bio 2 native	Bio 3 native	Bio 4 native	Bio 5 native	Bio 6 native	Bio 7 native	Bio 8 native	Bio 9 native	MRT	Area	Euclid	Pseudo-F	NMI	Bio 1 diff	Bio 10 diff	Bio 11 diff	Bio 12 diff	Bio 13 diff	Bio 14 diff	Bio 15 diff	Bio 16 diff	Bio 17 diff	Bio 18 diff	Bio 19 diff	Bio 2 diff	Bio 3 diff	Bio 4 diff	Bio 5 diff	Bio 6 diff	Bio 7 diff	Bio 8 diff	Bio 9 diff
Agave_sisalana	nat	1	0	7665.237837	7.4388	3.040096156	264.1212247	44.549292	12.62851521	23.79757504	25.91286478	21.19393444	1060.952381	194.9047619	19.80952381	80.79316239	514.3333333	70.23809524	322.8571429	93	13.24154849	67.59443665	193.7296771	33.56796692	13.9136398	19.65432707	25.14992728	22.67620909	121	432408.6579	8.840638509	6.020519903	0.103405415	-0.833884421	-1.501769565	-0.166839055	-263.2380952	-49.11904762	-5.738095238	-12.95237587	-133.1190476	-14.95238095	-139	69.14285714	-3.786548569	3.184567315	-52.48254086	-3.805966968	2.488931747	-6.294898669	-1.673546382	0.144505319
Albizia_lebbeck	inv	1	1	275	119.805	6.562	227.6992072	51.06034	12.12499089	25.27459815	29.28046696	20.6517187	1150.881295	298.9064748	8.169064748	102.5085282	726.1726619	35.55035971	316.0827338	96.78057554	11.38477705	51.59538309	348.2177333	35.93687607	13.2872284	22.64964772	27.01712448	22.41670528	189	376471.0605	6.173097253	9.178123577	0.467796892	-0.588381607	-3.254200288	2.309347738	-237.281295	-95.70647482	0.730935252	-15.02067226	-206.9726619	2.149640288	-152.2827338	29.41942446	-1.685810692	21.39313467	-221.925912	-4.482876361	4.794371597	-9.277248005	-1.806657902	2.017760892
Alpinia_zerumbet	exo	0	0	14860.63009	17.4992	1.5707965	262.2933293	95.377312	15.61131486	21.26814832	26.2696781	15.52251463	2165.575	393.5333333	51.89166667	69.24335688	1042.833333	180.6666667	917.0416667	227.75	6.455870664	35.03206666	442.3184558	30.10808891	11.38126852	18.72682033	25.07103107	16.89947309	193	626975.1788	12.2936026	23.05500907	0.333983222	3.622705881	-0.210747226	7.858922827	-1240.075	-198.6166667	-43.39166667	16.90241764	-534.5	-147.3333333	-759.5416667	-21	3.442999883	39.88712406	-331.9527799	1.516272132	6.998272875	-5.482000693	-0.155482586	7.955545688
Amaranthus_blitum	nat	1	0	878.3508053	0.16	0.429	244.5149672	65.087106	30.20238989	11.37748821	19.01206797	4.019587659	869.8596382	110.790393	43.72738615	27.54362619	299.5327511	147.5159077	244.3462258	192.0798503	8.740931784	35.43464802	613.6978655	25.18086158	0.044409182	25.13645238	12.99526283	9.641468763	188	485949.5055	5.469679692	47.15558141	0.124828054	12.50680344	6.317515195	17.8509954	-209.1096382	36.70960699	-36.10238615	59.01332819	67.21724891	-118.0159077	-105.0962258	-85.45485028	1.368234838	36.53305007	-469.2258787	5.97863854	17.07209084	-11.09345228	11.08123735	13.7758646
Amaranthus_spinosus	nat	1	0	3332.678074	0.194	1.5	246.0866919	65.087105	8.861958563	24.121413	25.08924098	23.09465814	1998.747748	308.4864865	51.53153153	59.65507743	811.5405405	192.7027027	526.3333333	463.3063063	9.683499156	79.19863929	82.56338551	30.38531803	17.96445908	12.42085895	24.42385172	23.65827024	201	818451.5133	7.944336136	29.47821661	0.5033187	0.510557509	0.860419302	-0.141655414	-1168.501594	-122.424948	-43.51614692	29.78526793	-339.0328482	-160.1334719	-375.5333333	-317.4139986	0.29359782	-6.046937704	41.49607887	1.200886201	-0.037583452	1.238469657	0.434418253	0.751176825
Ananas_comosus	exo	0	0	21606.23593	2.009133333	0.914	260.0572114	22.46263	12.23994529	23.42708949	25.08973405	21.47133015	1755.544538	267.2890756	47.14117647	56.68963465	737.7260504	168.1495798	443.9344538	375.8033613	10.63921338	69.8050424	150.7499633	30.95752676	15.27037182	15.68715494	24.19035725	22.07440768	386	808784.4946	5.926607225	3.6007784	0.555048263	-1.35760775	-1.928252405	-0.93770041	-711.1000934	-62.28907563	-33.80784314	23.79122659	-186.3927171	-118.7051354	-168.4900093	-252.0255836	0.062342087	3.224580842	-39.67013865	-1.767304553	-0.734816191	-1.03248836	-1.680949995	-1.015518719
Andropogon_gayanus	inv	1	1	675	2.5584	3.5	254.4051947	5.90498	9.703608107	23.4068766	26.53987013	19.37178348	612.1038961	141.4285714	6.090909091	102.8218365	368.3506494	21.2987013	236.5194805	22.46753247	13.67091325	60.06802799	296.5311465	33.60732455	10.74561042	22.86171418	25.71370561	19.92588742	69	601383.1086	5.80199216	14.27375665	0.428045058	1.536998553	-0.304648422	4.027160898	303.3127706	68.32142857	-1.090909091	-6.363631005	174.732684	3.951298701	-46.01948052	50.86580087	-2.738552045	13.05416058	-178.5565632	-1.205657909	6.67205633	-7.87771421	-0.558594136	4.262501884
Annona_muricata	exo	0	0	9050	391.336	6.09	270.8685477	28.441229	12.86939135	24.29655197	26.08790449	22.14684892	1511.369427	285.1019108	30.22929936	83.2154916	757.1273885	106.3630573	522.3757962	166.6050955	11.25157315	70.26857364	163.4354121	32.27086755	15.92398618	16.34688139	25.44405146	23.38497231	142	622367.0804	8.807685307	7.001525536	0.535982755	-0.486457306	-0.940791033	-0.050822582	-573.8239722	-97.96554719	-16.13839027	-4.994283726	-267.3092067	-53.90851187	-356.8757962	26.53126809	-1.669053033	1.636839208	-36.39280244	-1.693398069	1.263036593	-2.956434686	-1.789176395	0.36740139
Annona_reticulata	exo	0	0	6008.695933	239.2	6.09	270.9808501	35.521535	11.12839063	25.40497754	26.28968913	24.35831121	2082.666667	313.5333333	46.93333333	52.540065	814.8666667	187.2	432.0666667	567.6	9.99608895	78.67593002	79.93558566	31.92933337	19.05626685	12.87306646	25.3920887	25.23453331	182	770584.9364	6.70305064	5.51543317	0.035713437	-1.921505674	-1.410244687	-2.52853349	-1105.833333	-117.0333333	-33.93333333	25.91769708	-298.7	-129.8666667	-245.4	-324.4333333	0.565188758	-6.159940084	48.20094744	-1.017333031	-2.714266682	1.696933715	-1.512200165	-2.172643979
Argemone_mexicana	inv	1	1	3816.709304	1.848	1	264.8287001	225.876142	8.960290802	22.58579708	25.48130858	19.22372535	1063.17623	210.4364754	16.29508197	84.37472045	541.6188525	59.9057377	341.8995902	93.94672131	12.95436436	63.80232961	257.1653943	32.59304028	11.88006016	20.71298016	24.56579503	20.8385739	184	783406.6616	9.898428537	43.68092941	0.310482482	1.158384947	-0.313499089	2.530723715	-385.1252091	-66.52831214	-8.580796253	-1.29518308	-177.7208933	-28.46696219	-179.3995902	10.16552359	-2.599952767	8.148960442	-114.2908886	-1.580305599	4.737409268	-6.317714918	-0.212257631	2.330643932
Aristida_adscensionis	inv	1	1	70.2	0.606	0.304	255.1188239	19.521018	9.197524523	21.17719749	25.12839371	16.51171696	548.2293907	117.3243728	4.940860215	87.51376005	301.3458781	20.71326165	185.4050179	71.21146953	13.89925799	59.06903091	355.9466818	32.51225854	8.288005071	24.22425347	23.23096689	17.98166328	193	787700.0561	6.725956084	40.12479585	0.392345855	3.124438775	0.593020508	5.854353758	147.2554578	41.433203	1.498533724	1.466913187	92.77533399	5.847344412	-25.64744216	8.530954708	-3.277571082	12.96811534	-216.0096455	-0.770076646	8.692358573	-9.462435202	1.73031599	5.652629665
Artemisia_vulgaris	exo	0	0	2373.93	0.144	1.377	234.1739613	37.886161	14.51068641	9.500318816	17.13261212	2.191795459	819.0060484	96.1797235	44.20218894	24.95069598	267.0423387	148.7456797	210.9547811	198.3093318	8.289395437	34.10008195	612.3942484	23.11586085	-1.476947943	24.59280881	11.23823453	7.721842238	84	741687.8858	7.527188683	100.006039	-0.009379274	15.03361463	8.800187981	20.47780427	-54.40604839	59.8202765	-30.90218894	57.92239724	139.4576613	-99.04567972	-50.05478111	-50.1093318	1.583004656	38.02880523	-477.1617822	8.44853925	19.3525478	-10.90400857	13.26783218	16.48049102
Artocarpus_altilis	nat	1	0	80944	5898	13.47	243.338353	28.388399	9.721040346	25.68992709	26.25544016	24.95526475	2603.278689	355.6803279	105.5081967	41.66548945	974.4344262	357.3032787	660.4754098	590.5655738	8.159829413	82.01327043	55.14531767	30.78857455	20.77094997	10.01762458	25.64359554	25.45165282	223	46805.7129	7.916109008	12.86103015	-0.502363918	-4.148727211	-3.8085068	-4.733531273	-1342.078689	-121.8803279	-84.90819672	31.6039327	-342.2344262	-285.9032787	-398.0754098	-348.5655738	0.776037133	-9.44107499	38.88320558	-3.245374626	-5.540550071	2.295175444	-4.112928806	-3.879653083
Artocarpus_heterophyllus	nat	1	0	6877.84	9491.546	14	242.6705711	84.927726	16.51276405	24.60125214	27.0440763	21.74011748	2089.619687	432.2348993	37.53467562	78.84122143	1084.93736	139.8255034	538.3378076	367.409396	8.891835918	60.48627069	217.7540851	32.17905253	16.16747982	16.0115727	25.51555214	22.75043975	324	386085.1589	7.172817375	6.69682752	0.572431187	-2.454144876	-3.668695372	-1.319022182	-986.3339725	-237.1634708	-18.60610419	-11.23580963	-554.1516459	-70.18264621	-296.1949505	-120.0522531	0.627235525	11.70960311	-93.68901068	-3.467337924	-0.668336964	-2.799000944	-3.098456816	-0.665487261
Averrhoa_carambola	exo	0	0	2378.868631	0.60396	8	242.6213612	91.338587	17.07976735	23.96410847	27.08750449	20.13241126	1932.427184	315.9708738	46.6407767	62.39867886	854.0776699	171.0776699	646.9029126	336.8834951	8.035168037	57.94692912	289.2097531	31.53841258	15.33365619	16.20475647	26.32819194	21.12395271	188	474250.5431	5.94635911	9.180773758	0.067773606	0.445669174	-1.577560368	2.888477543	-798.7605178	-97.55420712	-29.97411003	16.08231409	-271.3276699	-112.6610032	-462.236246	-40.88349515	1.169776375	16.70229485	-185.897578	-0.925412818	2.91134393	-3.836756835	-1.997414138	3.441269078
Azadirachta_indica	inv	1	1	675	232.758	15	242.5922827	93.484964	11.57530588	26.20770297	30.86688391	20.98218377	1071.424084	294.3333333	4.633507853	113.7152802	707.7434555	25.67888307	213.1762653	148.0104712	11.46258422	48.77358614	397.6072559	38.16308728	13.61129324	24.551794	27.39591619	24.3592081	40	811255.2673	5.805675025	35.41039043	0.685857576	-0.726127269	-4.241611002	3.188001794	-165.4796393	-81.69444444	1.810936591	-16.02302489	-164.7156777	1.43222804	-68.70404305	15.21175102	-1.384157194	26.63734598	-296.2808384	-5.82046632	5.321287494	-11.14175378	-1.877855986	0.995327536
Bauhinia_monandra	exo	0	0	20868.46955	199.8	5.1816	234.4210325	25.613708	11.99392486	24.88750057	26.50385882	22.47205168	1501.233333	360.7666667	15.13333333	105.3236776	919.1	59.76666667	645.4	71.93333333	11.5090109	68.52397334	170.700189	32.47995122	15.66141925	16.81853199	26.22796987	22.86026624	137	710397.1328	4.885890778	14.58330318	-1.043886281	-1.172500801	-1.551992194	-0.39501826	-627.9333333	-181.5166667	-3.983333333	-24.14242099	-454.1	-15.56666667	-469.9	96.36666667	-1.628210799	4.677676709	-50.80970186	-1.946151098	1.380780649	-3.326931763	-2.169336351	0.516066996
Bidens_pilosa	nat	1	0	463.61	1.805	0.9	230.5243485	10.030346	7.791477767	20.14732338	22.51815104	17.41626546	1273.320051	226.8226221	26.14781491	77.05821128	596.8316195	97.03341902	367.3881748	186.3033419	12.6911192	68.11875201	209.6440667	29.65918891	10.31780997	19.34137892	21.52362144	19.08582429	256	805377.1469	6.192478077	39.20633051	0.541798064	3.265239117	2.303342494	4.066381961	-512.0315899	-72.64954518	-15.43627645	1.195881318	-200.2643118	-53.99495748	-184.7150979	-59.6783419	-2.471308315	3.58344969	-70.04370844	0.92592634	6.012613094	-5.086686707	2.364006731	3.74932311
Boerhavia_coccinea	nat	1	0	2521.329349	1.142	0.384641448	246.7781101	86.020246	9.252208277	20.85495732	26.21707968	15.31193948	737.4560847	142.352381	14.80740741	75.95931523	366.5269841	55.26349206	245.6603175	97.22010582	13.99796735	56.37982203	446.8545726	33.86408124	7.577181414	26.28689985	23.63924546	19.22532747	208	836312.4982	6.958301604	22.60743269	0.619565182	3.877719388	-0.108352481	7.634848385	-5.183357383	21.04155844	-8.413468013	10.80801656	43.5033189	-27.86955267	-91.75122655	8.264742665	-3.683361233	16.59109356	-314.7836273	-1.939111419	10.17821254	-12.11732399	1.392956596	5.029884678
Boerhavia_diffusa	inv	1	1	1686.018789	2.473	0.38264927	246.629122	86.020246	8.419253764	23.37397745	26.28183818	20.08067342	1126.140449	215.1797753	19.47752809	82.55587304	559.8876404	73.33146067	369.9101124	158.9101124	11.8279183	63.14302801	254.954274	32.71095924	13.32487519	19.38608406	25.04581611	21.75329829	139	801187.6925	10.81272269	22.89130767	0.406266364	1.048067118	-0.458742425	2.456211024	-404.4374791	-54.42730003	-11.32901324	3.741776348	-156.2341751	-40.41066859	-213.1675381	-46.40516186	-1.722159271	8.959703069	-118.1742984	-1.19444453	4.164114987	-5.358559531	-0.12528141	2.219348628
Bougainvillea_glabra	exo	0	0	4174.107927	36.29084545	15	246.5023697	13.738748	9.056812964	20.55013235	22.87582608	17.89310918	1440.155	217.785	45.21	52.08991786	594.23	161.545	479.115	243.235	10.72531615	65.37067711	206.5262097	28.46974549	11.65174846	16.81799703	22.0826429	18.63257733	207	622198.8495	5.9452564	19.07501159	0.59584521	2.496554848	1.462346967	3.268315867	-650.655	-71.71357143	-32.60285714	19.82321147	-211.1228571	-110.7592857	-237.115	-154.5564286	-0.262294176	7.310743081	-72.49475816	1.603389888	4.016003394	-2.412613478	1.842211716	3.244031792
Caesalpinia_pulcherrima	exo	0	0	11289.10831	181.82	5	231.8856849	55.328889	8.217012528	23.89087419	26.9709608	20.38362861	1088.942356	233.1528822	14.07769424	94.4897736	608.0200501	52.09022556	391.6140351	87.76441103	13.91594476	64.20058104	271.9288626	34.61488	12.48758843	22.12729156	26.09248009	22.6821131	201	763427.8154	9.273270121	26.23807522	0.35631084	0.522761626	-1.290436252	2.350352542	-291.3082095	-69.73824806	-3.614279601	-15.32568151	-187.8249282	-9.846323125	-208.5164741	34.72339385	-3.807027338	9.08757217	-148.7880432	-3.244738803	5.066193402	-8.310932198	-1.173441127	1.158221492
Calotropis_procera	inv	1	1	17989.73191	8.802	6	227.7389434	12.876662	7.673224142	25.12317079	30.38335744	19.27844208	493.6402049	141.9769526	2.259923175	105.2578348	333.3085787	11.85147247	112.9180538	62.57106274	12.88173753	51.11215064	453.756611	37.9195221	11.51140366	26.40811844	24.98901094	25.40346784	114	786493.014	9.040324809	113.0912388	0.396561726	-0.562855995	-4.548628098	3.566967656	286.0891184	30.69222031	4.905490358	-16.33988163	108.4808949	17.2086779	55.72856276	50.95525305	-2.612113024	22.19237747	-329.3341312	-6.322174012	6.043894934	-12.36606897	-0.02332754	-1.376918867
Carica_papaya	nat	1	0	39553.88	22.164	6.045	243.4784395	37.081704	11.89718947	23.49705649	25.44439783	21.26212491	1650.741525	272.8440678	40.57542373	66.66153595	724.370339	144.790678	454.6355932	291.8161017	10.88251709	69.10908668	172.9123523	31.44387596	15.18003704	16.26383892	24.52703476	22.33543495	386	571813.7242	11.57369207	12.97633977	0.585568195	0.891520271	0.237872372	1.454253427	-784.2009849	-96.87109482	-29.60245076	15.4648291	-262.9379066	-102.4663536	-283.8518094	-122.167453	-0.808228841	3.766199529	-49.26806727	-0.073281468	2.329152359	-2.402433887	-0.130584464	2.024348741
Casuarina_equisetifolia	exo	0	0	11	2.685	21.193	243.1564444	218.137297	20.51552362	24.31423405	26.67817153	21.50318805	1780.992157	298.9333333	50	63.51882608	799.9098039	180.545098	536.2941176	306.2117647	8.250321588	60.72618068	210.8568588	31.14769443	16.75855198	14.38914249	25.69883051	22.42917522	182	237469.9745	6.448514897	2.789711317	0.717990543	1.463178365	0.168245708	2.86352833	-778.5921569	-75.33333333	-43	34.24486105	-214.9098039	-153.145098	-358.4941176	-115.4117647	0.786403647	15.36022984	-109.7188362	0.758456002	3.222948266	-2.464492293	0.352511122	3.613158387
Catharanthus_roseus	inv	1	1	2098.713995	1.415	0.50967692	228.77099	26.681466	8.143425577	22.39172558	25.09322725	18.93456339	1360.592593	262.7592593	27.57407407	82.8955117	704.5185185	104.1851852	659.962963	142.0185185	11.93182582	64.30970588	257.2064907	30.81913634	12.32917545	18.4899609	25.02062808	19.7631567	208	736925.909	7.198487258	27.25848584	-0.494377495	1.71588918	0.280231021	3.490457424	-541.7488426	-92.75925926	-16.94907407	-1.247120809	-268.7685185	-63.68518519	-501.244213	44.26273148	-2.095888413	9.221320488	-133.7384728	0.158613726	5.263824668	-5.105210951	-0.651565539	4.280718461
Cenchrus_ciliaris	inv	1	1	225	1.024	0.909	254.5583656	12.035007	8.935547864	21.71173614	26.16893697	16.39439262	453.8030113	98.28607277	5.229611041	86.14524925	244.6072773	21.48933501	162.2521957	47.13801757	13.59044738	56.40024605	403.3934181	33.35250311	8.47529059	24.8772125	23.02319046	19.81865295	132	780478.0544	9.219815945	76.55105396	0.480262405	2.508895805	-0.525095391	5.91724433	264.90986	56.71392723	2.542666186	-3.231818477	146.9273762	10.78789272	5.005230009	54.70356659	-3.171500143	15.78301155	-264.6401244	-1.849770319	8.580946999	-10.43071726	1.803753477	3.713815753
Cenchrus_echinatus	inv	1	1	2181.65708	17.2	0.346329724	254.3870266	12.035007	8.917380703	22.01211768	26.13001666	17.41160016	1076.427699	194.7678208	27.36252546	73.72315557	510.4704684	99.68431772	362.8594705	145.8594705	12.86681619	57.45567975	358.0338816	33.10151292	10.11842115	22.98309176	24.41740457	20.48264855	208	745638.1993	9.256463111	38.22302545	0.513672543	2.662834912	-0.167316249	5.581895263	-259.6276986	-13.40418441	-18.18070728	14.26528208	-49.45228661	-63.28431772	-194.3685614	-10.33219774	-2.920511982	15.96501505	-235.0427633	-1.540444892	7.862030345	-9.402475241	0.518887138	3.940181648
Cenchrus_pedicellatus	nat	1	0	1026.336624	0.571995088	0.78799517	258.4411477	12.035007	16.09623001	26.9344308	29.98608311	24.4062633	961.2913907	245.3245033	1.59602649	113.306124	615.3509934	10.31788079	146.3907285	275.6721854	12.39821564	59.96482699	227.7204594	37.48096553	16.44943901	21.03152657	25.98936541	25.56466493	88	313932.5788	18.29967276	22.33352823	0.24108859	-1.512481036	-3.494749819	-0.156196734	79.50860927	-10.27450331	5.60397351	-16.7842601	-12.50099338	18.18211921	18.40927152	-56.97218543	-2.607548916	16.31984098	-135.2593327	-5.496565641	2.663761039	-8.160326726	-0.78276532	-0.010964962
Cenchrus_polystachios	inv	1	1	1157.205451	0.411735725	0.596327972	256.1492681	12.035008	14.98954883	23.85447416	25.76782618	21.87341627	1445.083333	300.6	20.08333333	85.59915428	745.85	81.15	375.15	282.8833333	10.43176481	67.0347304	161.3055764	31.73504764	15.9423892	15.79265846	24.07682658	22.83848471	180	200242.1678	7.802277392	2.516144538	0.493821209	0.346589873	-0.265825954	0.713045308	-531.3141026	-91.83076923	-12.62179487	7.470503851	-210.7730769	-49.38076923	-218.3807692	-119.575641	-0.158764679	6.702797298	-39.95048526	-0.418124354	1.424995274	-1.843119638	0.351275913	1.209464276
Cenchrus_purpureus	nat	1	0	2151.187383	0.713830876	1.411591657	254.3770574	12.035007	10.11546158	23.76840324	25.38213559	22.02561859	1350.038136	240.5338983	15.40254237	75.31114702	627.7966102	67.46610169	313.6101695	342.7161017	10.70450138	69.85716315	138.7666808	31.71988136	16.02647455	15.69340683	23.67544063	23.01204228	117	711952.6953	9.365970028	6.277221435	0.409511891	0.267776723	0.014664265	0.208301397	-577.5181356	-69.57389831	-6.682542373	11.20949614	-196.5966102	-32.30610169	-146.8101695	-231.1561017	-0.435874707	2.908722466	-6.943911593	-0.574121401	1.001845453	-1.575966872	0.711812864	0.466464415
Chenopodium_murale	inv	1	1	316	0.621	0.466	246.2636348	87.322517	8.786790645	13.7772385	21.3144557	7.042545044	601.0733333	77.58666667	22.42	38.8861597	211.3511111	86.56222222	110.4555556	169.3111111	10.26434443	38.90676943	586.9420977	28.60657439	2.186873993	26.41970042	12.43032178	17.01118783	208	433841.0455	6.698150203	39.86011381	-0.183056036	8.821069032	2.744416079	13.48289077	134.8497436	47.10564103	-5.573846154	25.51212726	117.4181197	-23.79299145	72.00598291	-9.926495726	-0.478190602	31.82852902	-438.6039213	0.921117966	13.55774149	-12.63662355	10.54572955	5.237068415
Chloris_gayana	nat	1	0	3019	0.307	1.27	255.9724836	4.805397	21.58429117	20.54756396	23.42853236	16.99410874	794.2390244	141.5073171	13.70731707	73.06382161	375.3609756	52.16585366	289.9756098	84.82439024	12.40573475	62.21943689	266.0563797	29.76642559	9.414270354	20.35215529	22.53294129	17.57391273	108	405713.2237	9.178339266	4.512410408	0.501351601	4.099136329	2.650133947	5.75335792	43.16097561	10.69268293	-0.507317073	-1.694989972	40.03902439	1.634146341	-120.1756098	114.1756098	-2.681534688	9.44889197	-127.2046051	1.727174871	8.469729852	-6.742555032	1.371458579	7.333953937
Citrullus_lanatus	inv	1	1	8834.419566	77.424	0.965	242.7725733	40.276678	11.91284131	20.36997737	24.56228571	15.61141441	683.8591549	126.2887324	7.246478873	72.48583426	328.2887324	30.07746479	200.3591549	154.5	13.06054276	57.31871377	368.460232	31.36810128	7.898754523	23.4693467	21.31313276	18.28693372	386	622597.374	5.295835234	10.49220798	0.474762848	4.918676374	2.022893697	8.059559739	82.91007584	45.55742145	-0.015709642	16.60663034	104.095883	1.46099675	-66.1283857	-16.03846154	-2.665799426	16.43262901	-247.6289698	1.127282788	10.48770696	-9.360424113	4.33127715	6.702091832
Clitoria_ternatea	nat	1	0	3879.350718	47.29	0.549348726	233.0011338	29.505945	8.526886759	24.27860329	26.06846609	22.12406428	994.0080645	216.983871	11.08870968	88.93898066	530.2822581	48	321.6935484	145.3225806	10.75155899	68.67957257	162.6221594	32.06256948	16.23264966	15.82991978	25.05010523	23.0900461	207	728299.0776	7.51164028	4.300793045	0.520151688	0.775758643	0.210583549	1.349682911	-141.6632369	-32.2942158	-2.812847608	-0.496222885	-56.76501669	-14.62068966	-151.5901001	-5.977753059	-0.471555247	5.663286636	-46.4825087	-0.017603867	1.974154876	-1.99175871	0.23118219	1.702183719
Cocos_nucifera	exo	0	0	18166.75	503988.826	18.28	261.9974096	16.57905395	28.19726716	24.81651485	26.21700042	23.14158247	2122.507177	321.3588517	69.18660287	54.05639143	870.0191388	241.8038278	593.6315789	413.4066986	8.08809815	71.37973601	125.9481973	30.6386133	18.71453203	11.92408128	25.48286268	23.82495685	386	718198.2761	5.061510147	11.18783434	0.553907783	0.513602901	0.207802145	0.855656112	-1152.396066	-108.9144072	-59.29771398	36.04420966	-319.1302499	-204.5816055	-436.4093567	-227.351143	1.506921244	3.796222411	-24.79780261	1.149546702	0.246418401	0.903128349	-0.193945136	1.51940096
Coffea_arabica	exo	0	0	3760.28	189.904	4.57	228.6400441	14.1550516	8.319338159	19.83647356	21.42874994	18.06525926	1268.098039	225.745098	23.94117647	67.11716929	564.7254902	94.43137255	344.3921569	251.9019608	12.33306916	71.32897074	138.6561127	28.39982676	11.04823528	17.35159154	20.42267863	18.66503108	208	556553.8632	6.125880453	6.895839727	0.377917198	2.417526533	1.997605672	2.560029767	-235.0980392	-25.34509804	-9.674509804	11.84829499	-26.39215686	-45.09803922	-121.3921569	42.69803922	-2.306846991	1.115656131	-20.94656634	0.785773393	4.306698081	-3.52092468	1.993321228	3.332124302
Coix_lacryma-jobi	nat	1	0	4674.509337	51.334	1.288815976	257.2527098	16.25939	22.73112179	19.03744564	26.0756571	11.11457433	1560.569024	305.5016835	29.06734007	73.27570804	790.2929293	106.9191919	608.6094276	161.6329966	8.364643842	34.66189668	611.2869901	31.05247146	5.790751462	25.26171997	23.98018095	12.52010113	198	265354.8052	9.508271692	9.44928901	0.66815972	4.374415467	-1.431879573	10.69664774	-601.7356902	-100.3350168	-17.56734007	14.70707369	-255.459596	-62.25252525	-453.2760943	31.03367003	0.983077894	38.04855763	-493.9458608	-0.995804767	11.40191475	-12.39771949	-0.546403463	10.95801013
Commelina_benghalensis	inv	1	1	3.179104934	1.8844	0.349065782	261.2779803	12.251917	8.9847197	22.78361306	26.21078871	19.04603723	1221.196825	247.6920635	17.1031746	82.85882667	626.0396825	67.5952381	316.952381	235.8142857	11.00098063	58.17926895	292.528918	32.58731907	12.37487365	20.21244538	24.04522139	20.62246436	109	758013.7554	8.069257465	26.85084599	0.618352681	1.879424561	-0.253799313	3.900891268	-405.5301587	-72.68015873	-7.805555556	1.787522557	-174.3492063	-30.35714286	-155.1904762	-85.32619048	-1.148114266	14.77143281	-167.3394811	-1.076414279	5.603332712	-6.679746943	0.846088208	3.860781582
Cosmos_sulphureus	nat	1	0	1160.505818	6.85	0.74201781	230.5201926	12.453262	8.305646625	22.0382374	24.55079253	19.21824893	1109.673973	231.969863	14.20821918	94.99286791	615.9808219	54.55342466	390.1068493	113.2438356	13.95006718	67.90064406	219.8543026	32.32502689	11.20795619	21.11707078	23.70659477	21.15376832	106	611759.358	9.360651966	9.808327582	0.640419637	0.990849582	-0.28250272	2.032012212	-185.3696248	-65.53508041	1.878737344	-25.76195765	-173.4590828	6.142227516	-153.5851102	54.36486004	-3.902125064	4.781185313	-92.19798962	-2.424157353	4.837261364	-7.261418884	-0.220044066	1.355014272
Crotalaria_retusa	nat	1	0	75	21.918	0.866	233.4282876	8.744569	8.026676857	26.23274147	28.88249346	22.85239374	1485.641148	339.6507177	21.73684211	98.14190265	843.9138756	82.62679426	381.8899522	208.1052632	11.14555315	61.10813897	246.0811011	35.03334259	15.83300486	19.2003377	27.46159063	23.76439894	182	627402.2769	8.718988907	35.41796124	0.498974543	-0.9013212	-2.381998673	0.991200864	-568.8058542	-131.2154236	-14.53684211	-3.581135151	-306.3726991	-53.63855896	-227.7723051	-52.68173375	-1.308331015	13.41059874	-136.6280649	-3.007861197	2.94680173	-5.954662873	-2.107317626	1.513767236
Cryptostegia_grandiflora	inv	1	1	4593.138961	8.57	1.728839889	227.2329958	42.482089	11.91708839	24.48434435	27.34504788	20.65746989	737.0357143	179.4285714	7.321428571	100.6478321	465.6785714	27.71428571	419.9285714	34.57142857	13.89248661	65.94105203	281.7085939	33.80785738	12.69526829	21.11258902	27.31117902	21.38028104	108	565008.9902	10.01746403	38.08154473	-0.189447513	1.168817857	-0.448434009	3.534705628	91.80639098	24.12406015	-3.347744361	0.176258202	44.5056391	-8.766917293	-288.0601504	86.7443609	-3.248723491	8.664003931	-171.0665654	-0.912278541	5.888942281	-6.801220704	-1.560003446	3.965631141
Cryptostegia_madagascariensis	inv	1	1	3453.723252	6.57	1.842184881	227.5555995	42.482089	11.85162431	25.76459356	27.61830279	23.01321932	1124.846154	318.8461538	4.307692308	120.0286865	781.7692308	18.5	556.9230769	21.03846154	12.23716501	68.20554293	195.9578171	33.65938289	15.60606502	18.05331788	27.42930493	23.37801603	33	604473.4587	6.366446623	26.03668424	-0.474106409	0.478591924	-0.325200712	2.086180565	-257.8128205	-106.5794872	-1.141025641	-18.05427017	-247.8692308	-4.333333333	-451.9564103	151.7282051	-1.602497201	8.342833534	-105.6186792	-0.346538236	3.783398249	-4.129936453	-1.307344354	2.877090068
Cucumis_anguria	inv	1	1	6949.840236	8.122	0.278315768	243.8540112	40.276677	8.874648641	21.72455428	25.0083101	17.14872877	428.0232558	106.627907	0.488372093	110.2358686	277.5348837	3.093023256	171.1162791	4.046511628	14.64183724	59.73437695	330.5389064	32.63497672	8.046418611	24.58855817	24.31075966	17.24018609	193	629792.0471	5.036326147	57.53812847	0.032687994	2.766400873	0.839053254	5.521098031	313.822898	62.39773405	7.075730471	-21.32846596	143.5933214	28.44543828	-12.62909958	100.7483602	-4.368013822	13.38826615	-198.6882195	-1.024096235	9.490876143	-10.51497242	0.688725312	6.830452026
Cucumis_dipsaceus	exo	0	0	3797.968938	4.33	0.1	243.1681087	40.276677	20.88153518	23.03852054	24.62021765	21.22482981	692.4693878	138.7346939	9.204081633	81.5024425	314.3673469	37.12244898	205.0816327	87	12.26680945	72.49276539	139.0379145	31.75551021	14.72089802	17.03461221	23.64960542	21.77951007	32	622879.4409	15.82263208	6.743585488	0.406676255	0.552947847	0.406745292	0.355784007	-9.437641723	1.138321995	0.732426304	-3.976316422	38.4739229	1.972789116	-30.01814059	17.42857143	-2.045714316	-1.092958411	5.282319638	-0.948335622	1.781387745	-2.729723392	0.69344207	1.129325901
Cyanthillium_cinereum	nat	1	0	389.71	0.177	1.35	233.376442	23.770757	13.51422105	22.52722929	26.37171083	18.05721977	1420.106023	265.7873275	29.60727729	70.81448623	694.8782936	109.7314931	455.3017566	212.8155583	9.972712658	53.6140897	338.4196444	31.94397909	12.12780828	19.81617081	25.04025435	19.20888458	124	596539.4084	13.91207372	7.874310886	0.706489227	2.09621872	-0.567585759	4.964821793	-458.2310226	-73.22482748	-18.04477729	7.266709843	-195.3782936	-64.2314931	-265.3017566	-7.878058344	-0.42919179	20.50797584	-221.8901291	-0.81322867	6.067941713	-6.881170391	-0.232045886	5.365323801
Cymbopogon_citratus	nat	1	0	270.066583	1.3831875	0.681737209	256.1668236	9.538833	16.50825587	26.6857693	30.57994872	22.28564094	1243.384615	346.8461538	11.92307692	112.3293457	813.7692308	45.69230769	249.1538462	152.4615385	10.8315382	50.06976201	332.3309185	37.27446101	15.01692321	22.25753755	27.28646176	24.82215397	163	684230.8362	9.579438441	13.02311017	0.31297071	-1.961835366	-4.588650123	0.858772058	-377.9262821	-156.7211538	-4.33974359	-22.95564429	-322.7692308	-15.23397436	-107.4871795	3.746794872	-0.82336696	23.39776093	-214.1954213	-5.60678059	2.981514197	-8.588294531	-2.510354128	-0.128561503
Cynodon_dactylon	inv	1	1	85.27	0.172	0.181	254.5788619	18.140638	9.057279155	20.26270857	24.06466718	15.87232651	735.0193906	138.4390582	10.43213296	76.0725259	362.1454294	41.32963989	247.5373961	109.7299169	12.67602769	58.67789205	338.5268197	30.79736204	8.415670205	22.38169182	21.45168676	18.50664289	384	679391.5924	5.46953794	30.02902615	0.465887125	4.551368622	2.094422352	7.19653543	77.66353625	43.90240524	-1.773596379	14.83191119	103.0253023	-6.549152084	-95.2447132	16.92861969	-2.590263539	14.56019251	-210.9492044	1.080491633	9.660134621	-8.579642952	3.647776814	5.983633497
Cyperus_esculentus	nat	1	0	912.4918213	0.158	0.355	257.8583746	4.984513	16.92608054	15.26684316	23.93384573	7.176089419	597.1111111	94.66666667	14.88888889	52.90687095	249.2222222	53.22222222	56.33333333	226	9.972276052	35.24119483	687.9308675	30.84590721	2.623129692	28.2227779	10.13268206	23.70436393	193	288018.432	6.536862602	31.04179624	-3.45353345	10.77235686	3.29895418	17.47864367	260.4888889	112.1333333	-8.888888889	46.45156526	277.5777778	-26.82222222	79.66666667	-101.4	0.207657019	40.26626061	-582.5527616	2.168893051	16.8796703	-14.71077762	16.0241844	2.261502732
Cyperus_rotundus	inv	1	1	324.51	0.228	0.68	256.7414604	4.976443	9.050605982	19.19335376	26.03039758	11.8898138	1334.456566	231.1494949	29.88080808	69.48192965	609.8222222	109.1353535	470.2121212	218.0424242	8.90856546	40.25630616	577.9669064	31.35964293	6.698482615	24.6611603	21.86893097	15.79116081	256	659051.5118	7.938012696	27.84511068	0.354282728	5.517752285	-0.103892581	11.22244881	-494.0323232	-46.51313131	-20.6989899	19.70583322	-136.9737374	-71.43838384	-297.0606061	-105.9212121	1.128777984	33.79909943	-461.6398184	0.202659981	11.2863659	-11.08370588	3.188139674	8.438394779
Dactyloctenium_aegyptium	inv	1	1	936.6368404	0.263	0.837	255.038688	24.441661	9.318075128	24.56956792	28.06913406	20.53795933	1187.121372	250.0712401	16.74934037	90.94925266	634.4076517	64.9828496	349.8377309	195.671504	10.7120723	56.22154979	308.7156957	34.21208426	14.03457024	20.17751402	25.53368551	22.62881493	196	750838.3498	10.14080271	35.99827613	0.39630173	0.320603957	-1.824779683	2.537933405	-450.1044229	-85.82547739	-9.096797997	-3.236217999	-220.9669737	-33.68623943	-199.4733241	-81.91726667	-0.638347502	16.4211464	-177.187876	-2.306098764	3.983245675	-6.289344453	-0.252302918	1.862209283
Datura_innoxia	nat	1	0	9066.682962	13.792	0.8	231.057082	37.54611	9.4519832	20.60645589	24.6226536	16.00668489	652.0614525	143.7541899	7.782122905	91.04724285	370.6145251	31.12290503	252.2569832	50.08379888	15.38473641	60.77908681	354.5493254	33.06662928	7.273282699	25.79334667	23.65042339	18.5610017	145	306267.2589	6.677044936	10.6890498	0.26336949	3.122133977	0.545500311	5.614238082	-36.75376021	-14.9080361	0.217877095	-10.23684886	-59.53760206	1.18478728	-77.64159862	14.76235496	-4.289095418	11.79126266	-205.7430445	-1.648167996	8.893178879	-10.54134696	1.010704873	4.189562432
Datura_metel	nat	1	0	14832.84514	12.473	1.209915688	230.0544511	37.546376	12.52652445	19.30919437	26.08513128	11.29616386	1350.809524	249.75	21.91666667	76.21932843	674.6071429	80.58333333	621.4166667	93.28571429	8.577905263	35.6332083	607.3446902	30.64143047	5.796193686	24.84523678	25.11736781	12.35812939	191	436438.9253	9.239039453	19.36175472	-0.002409404	5.06501392	-0.306020214	11.27272528	-617.8928571	-100.9166667	-13.08333333	1.255874134	-297.9404762	-43.83333333	-465.6666667	9.797619048	1.147344663	36.08702689	-472.4259128	0.564569382	11.75747291	-11.19290352	-0.21086795	11.37737063
Datura_stramonium	nat	1	0	14738.85	9.18	0.796	230.8323663	37.5457655	7.961024191	18.61684146	21.19845238	15.55560964	876.8138528	188.6450216	8.961038961	94.84628271	503.7186147	34.96969697	294.0779221	51.93506494	15.09270232	65.60602799	230.5431769	29.85761036	6.72138097	23.13622941	20.26098484	17.05581599	152	694303.785	8.679654307	42.78274181	0.123250741	4.719784588	3.556052004	5.852318415	-149.6516907	-51.26664327	3.363285363	-22.04016872	-146.4753715	12.19246519	-125.6725167	88.82169182	-4.919648321	6.317874984	-89.85000536	0.637849115	9.636781137	-8.998932065	3.418330317	6.023138917
Delonix_regia	exo	0	0	9005.416379	399.549	15.24	230.6051264	38.871912	9.232888666	24.28570503	26.06816924	21.71566597	1368.75	303.6875	21.625	96.19915247	787.4375	80.8125	650.84375	102.125	10.64687252	67.80942869	185.5316911	31.43818957	15.64999674	15.7881929	25.96852773	22.30788866	132	794897.023	5.145490553	9.697447408	-0.544927154	-0.073205065	-0.559835943	0.789515693	-545.5681818	-134.5056818	-11.03409091	-16.84508822	-351.2556818	-37.72159091	-455.7073864	30.14772727	-0.627902855	4.745646347	-60.01367599	-0.234734942	1.738003182	-1.972738242	-1.374648815	1.53674774
Desmodium_incanum	nat	1	0	4618.226326	0.97	0.284	233.5774779	23.031604	8.146178307	23.34215379	25.23576719	21.15101273	1752.134568	279.3802469	43.38518519	59.86764892	745.7345679	156.745679	455.0567901	337.8888889	10.25982643	67.93223395	169.2943949	30.91529792	15.41148374	15.5038142	24.24889478	22.1800693	386	611137.6179	7.497895207	8.154173192	0.523854032	-0.010042704	-0.633386073	0.390892085	-844.8012346	-119.3326279	-29.43280423	10.92912626	-315.1631393	-102.8409171	-227.0091711	-146.1746032	0.032998906	5.098503062	-40.73703762	-0.527488344	0.874230499	-1.401718865	-0.477149012	0.839930881
Digitaria_bicornis	nat	1	0	1239.160993	0.6836	0.431785463	254.6114448	13.072111	9.448456552	25.69966881	28.99747437	21.33107627	1026.369159	234.6962617	8.462616822	99.85155307	624.9158879	34.1728972	384.2476636	47.93925234	12.27677045	56.94370321	312.5516375	35.48990168	13.60739946	21.88250219	28.09669905	21.90065711	182	454525.1901	4.36877631	29.13537399	0.413086517	0.120309565	-1.997769189	2.939454358	-292.4763017	-53.48197597	-3.712616822	0.877456694	-169.7016021	-14.95861148	-258.0333778	61.70360481	-2.407080816	18.1911387	-199.9626753	-2.906431741	5.819664419	-8.726096124	-2.026237705	3.837832999
Digitaria_ciliaris	nat	1	0	554.98	0.563	1.14	254.5340516	13.072098	9.225723105	14.71276143	23.85667073	5.150134556	1393.773469	242.8816327	38.28979592	64.95675787	628.1244898	133.8693878	565.8428571	164.1020408	9.188732788	32.7791993	763.4003419	29.34383017	-0.559701192	29.90353136	22.31028397	6.202584257	108	509610.0004	7.425242605	73.83537946	0.156766833	9.191599715	1.512736555	16.74806903	-683.1345805	-85.8260771	-30.48424036	21.51008753	-239.7356009	-101.1749433	-388.3428571	-69.40759637	1.18641535	38.84273834	-618.9732726	1.885725281	17.28914567	-15.40342036	2.229975128	17.05230465
Digitaria_horizontalis	nat	1	0	960.3074989	0.678	0.489167045	254.5752631	13.0721	9.345042407	24.17733959	26.20607442	21.89532044	1619.298578	269.7630332	34.75829384	69.67800262	728.4976303	127.6445498	425.3127962	306.1090047	11.06011864	68.01154671	178.5857754	32.41702235	15.65934285	16.75767946	25.21472259	23.02400268	257	836738.5477	8.504461351	6.099636819	0.538758813	-0.983756225	-1.584699337	-0.749528552	-797.2985782	-120.4505332	-19.69579384	-0.800448207	-335.0601303	-70.08204976	-212.9377962	-163.7965047	-0.954535212	3.621154688	-33.39306879	-2.192522407	0.42865745	-2.621179881	-1.770055964	-0.454502707
Digitaria_insularis	nat	1	0	469.1959087	0.45	0.805907442	254.3792262	13.072089	9.572443789	22.46379622	25.56813008	18.87025308	1236.062167	209.4991119	28.08348135	67.51096284	553.2326821	103.8028419	379.0763766	175.7353464	11.90147229	61.78417155	276.449275	32.04296803	12.07834188	19.96462614	24.57629801	20.16036781	257	743161.3317	12.62840622	20.09376286	0.496262959	1.361969613	-0.267844465	2.877048521	-510.2050241	-80.09435	-14.08348135	-0.175196088	-217.9469678	-50.01712763	-187.3859004	-30.28296541	-1.7345913	9.60979749	-127.9604257	-1.062491834	4.685467753	-5.747959555	-0.244647317	3.115648015
Digitaria_nuda	nat	1	0	774.5788113	0.493080769	0.40737401	255.3672277	13.0721	10.06867659	25.01554547	27.14569687	22.96563637	1230.606061	242.8787879	7.878787879	89.70349722	618.1818182	37.84848485	369.4242424	181.6060606	11.26854556	66.33906671	175.6674765	33.54218165	16.07721228	17.46496943	24.95349468	23.46505061	207	647808.0901	11.77327037	7.790645445	-0.384842211	-0.979275833	-1.675128158	-0.861891133	-506.3707665	-75.87878788	-1.378787879	0.057331133	-205.7406417	-9.613190731	-200.2771836	-98.37076649	-0.649202331	5.438820749	-35.35228505	-2.068534533	0.580787829	-2.64932242	-0.252553481	-0.194109381
Digitaria_sanguinalis	exo	0	0	504.81	0.517	0.265	254.6675928	13.07211	12.9031594	10.47644835	18.35921752	3.001900556	771.6511111	90.46444444	40.87888889	25.05154127	249.5940741	139.2396296	188.5477778	194.117037	8.76963845	34.57130383	629.2680134	24.72888091	-0.871291845	25.60017276	12.12068065	9.628034417	256	657306.4847	6.156210609	181.6646647	-0.798784572	14.42505151	7.767745673	20.26943293	14.07111111	91.42444444	-34.54555556	67.63647625	207.2948148	-112.8507407	-26.49222222	-100.4503704	1.568065361	40.37981549	-511.8628502	7.170229987	18.95062499	-11.780395	13.30213425	14.96085471
Drymaria_cordata	nat	1	0	75	0.19	0.237187385	246.505726	140.225219	13.91256816	20.74389355	22.1771611	19.07568944	1892.077821	300.4241245	46.51361868	65.33893114	802.9883268	172.3540856	491.6848249	380.6575875	10.87023802	74.55036637	128.2234596	28.16637826	13.0230208	15.1433575	21.47760963	20.00270911	204	190520.3446	9.491995297	5.221230462	0.391365535	1.905568049	1.835556664	1.804772033	-986.6932056	-139.8087399	-30.97515714	1.27524246	-375.9114038	-112.2002394	-341.1463634	-92.65758755	-1.640135441	-2.854008054	3.637280204	1.178237087	3.452979177	-2.274742125	0.881774908	2.865085662
Dysphania_ambrosioides	nat	1	0	1201.25	0.264	0.528	245.85957	87.322186	9.808820494	20.75278877	23.36614844	17.80402982	1238.866972	221.5344037	29.20412844	74.07201222	587.412844	102.0963303	375.2087156	193.9862385	12.33630467	65.45370903	229.1551648	30.18198547	10.82767858	19.35430688	22.28321769	19.50847912	208	836155.6705	6.333833632	23.63107624	0.538830584	2.738577682	1.570676396	3.764658437	-513.7807656	-57.70681746	-22.13516292	14.28205068	-181.6542233	-72.9066751	-217.9500949	-111.1758937	-1.891906266	6.0158973	-89.35827759	0.703675429	5.438364455	-4.734689035	1.792677352	3.27892708
Echinochloa_colona	inv	1	1	675	1.641	0.8	255.4519371	19.331767	9.809359628	16.81879595	25.25235014	7.417741156	1213.990291	218.8252427	21.91262136	71.25426002	583.4563107	79.46601942	539.9514563	89.67961165	8.906911734	32.04468522	727.1089386	30.37064549	1.778128121	28.59251735	23.79704266	8.555892904	186	797035.2005	9.532027343	121.2358907	0.020634407	8.156915772	1.077685997	15.78220465	-456.8281291	-43.27118866	-15.39910785	21.33147077	-144.253608	-52.22277617	-393.0055104	19.82038835	1.333619801	40.59988191	-597.5488124	1.747516618	16.22608803	-14.47857139	1.481687009	16.04409802
Echinochloa_crus-pavonis	nat	1	0	556.5786614	0.4956	0.912562981	243.338353	28.388399	9.721040346	20.60540832	24.50763854	16.36547932	1181.043689	196.0048544	27.74271845	66.08321409	522.7378641	101.4029126	333.8713592	195.0242718	12.45573493	58.9893276	333.1323529	31.53274144	9.324392694	22.20834879	22.56390716	18.47491195	194	679891.8943	7.698333284	7.17036175	0.665914571	3.353014704	0.769745998	5.734725589	-381.735997	-32.31254668	-15.81964152	14.89983633	-103.5840179	-56.55675878	-132.4098208	-64.94734877	-2.538940083	13.72444862	-200.3338429	-0.610895493	7.888838246	-8.499733776	1.709887602	5.072677861
Elephantopus_mollis	exo	0	0	5227.04	1.17	0.112	230.3556423	3.195622	7.808586332	21.82455791	23.87541444	19.51032792	1763.819263	273.4565993	48.49821641	57.92972253	737.5802616	173.2996433	476.6373365	324.411415	10.60636094	67.80452323	180.6739363	29.69372026	13.49177771	16.20194255	22.86871191	20.34106751	208	563998.7528	6.661212466	16.16905849	0.606977172	1.023322449	0.192788404	1.672744588	-768.9062193	-84.54355581	-33.43299902	15.4502442	-233.819392	-115.7996433	-250.224293	-133.8896759	0.075892734	5.877954138	-58.71594251	0.33219277	2.017961422	-1.685768586	0.422418491	1.853889018
Eleusine_indica	inv	1	1	769.08	0.367	0.303	254.6384594	19.490217	8.982552896	19.28082102	24.64212029	13.68723083	1358.09434	249.5834543	25.50507983	72.44588893	637.8896952	96.52249637	455.1654572	234.0682148	10.20402963	51.53663311	447.6931157	30.58020769	7.57467972	23.00552793	23.09240837	14.52144483	90	711740.8174	7.521196365	26.79875074	0.332757751	5.535664196	1.521138872	9.404561719	-488.1832285	-62.98345428	-14.61619094	13.09757734	-157.9563619	-53.47805193	-299.6321239	-55.89043703	-0.304748169	20.97355417	-319.5478348	1.186103151	10.5133203	-9.327217093	1.718910221	10.13393292
Eragrostis_cilianensis	nat	1	0	94.11	0.07	0.222	257.1971324	20.604433	15.37732937	15.10210058	21.87473432	8.342121979	781.08829	125.2351301	25.01208178	53.09864735	326.6087361	90.74535316	226.2583643	147.651487	10.64559004	42.96223484	554.7528428	28.61002218	2.661139379	25.9488828	16.82975743	13.89914953	181	550184.8125	6.102959328	55.07999831	0.739119365	9.218696244	3.922241532	13.93317877	-148.4297534	26.76486989	-19.76817935	39.46471226	41.51321516	-68.20876779	-86.77055943	-76.6027065	-0.146338018	28.55462947	-407.7906823	3.140124174	14.39486061	-11.25473643	8.190389098	9.697744711
Eragrostis_ciliaris	inv	1	1	675	0.02	0.671	254.7021394	20.60443	8.90755853	25.50018599	28.84118726	21.81728171	791.9130435	177.7237852	6.621483376	92.53790878	444.140665	28.84910486	198.1841432	166.6675192	11.48733581	59.15373128	288.5257425	35.37167146	15.15233845	20.21933301	25.07513327	25.81734908	208	777902.4896	8.876799835	24.49332378	0.332386532	-0.956065991	-2.916289387	0.858344998	-62.00637681	-18.6571185	1.925183291	-7.058543366	-45.71399829	5.150895141	-52.19747656	-46.53418585	-1.410491357	13.17361064	-153.2468118	-3.749058135	2.516994846	-6.266052955	-0.058271006	-1.621802429
Eragrostis_japonica	nat	1	0	1106.108064	0.015	1.65	255.7106287	20.60443	10.96035764	22.69996989	27.38768647	17.42697724	1161.511041	260.681388	14.55205047	98.11449807	662.2082019	55.50157729	393.3343849	111.8485804	11.26854829	49.96359651	407.3707537	33.84853518	10.2348861	23.61364907	25.05713065	18.91203155	386	376385.3394	7.920756786	7.424585496	0.832633061	1.828311983	-1.621378493	5.41374066	-419.5879641	-82.83523417	-9.013588935	-2.971415814	-219.2082019	-33.73234652	-211.8728464	-7.463965057	-0.676650838	24.02250038	-284.366483	-2.098688944	7.161421477	-9.26011034	0.024305357	5.069147906
Eragrostis_pilosa	inv	1	1	1099.976663	0.049	0.212	254.8188951	20.604433	9.208127462	11.78947382	20.88554279	2.427839632	852.7377911	135.7167543	30.79939895	51.15769179	355.637115	107.1006762	284.2524418	147.9120962	9.917585029	34.94297664	753.219076	27.34386801	-2.966986388	30.31085436	17.0430175	6.824481784	194	701259.1206	4.873886396	90.02673576	0.752030774	12.54954076	4.868632598	20.03414865	-110.2290192	29.58149129	-22.57132877	35.60151214	58.66113066	-73.64453583	-124.1296348	-46.64893827	0.275239477	37.36312631	-616.3096016	4.183921394	20.35379338	-16.16987193	7.902304039	16.93439532
Eragrostis_tenella	inv	1	1	271.0055748	0.101236047	0.192232232	254.609265	20.60443	8.946641581	22.92280052	28.13368567	16.93638047	1685.931034	357.0275862	31.7862069	88.90420602	907.9586207	114.537931	641.1655172	190.5448276	8.786572124	42.27070386	456.2247875	33.34616779	11.25695802	22.08920977	26.16926727	19.26659667	121	676948.6725	17.37240357	49.10896099	0.590866519	1.445458413	-2.289695903	5.409486214	-974.9464191	-204.3198939	-22.35543767	-6.956092857	-526.266313	-76.81485411	-477.0116711	-85.06790451	1.406222742	28.96732855	-309.7789592	-1.735213891	6.035411202	-7.770625075	-1.191051894	4.441669959
Eriobotrya_japonica	nat	1	0	12693.05	1443.803	6.082	244.1310211	197.923438	13.71245735	16.16365433	25.20065374	6.524405641	1388.003861	236.7027027	33.3011583	63.5024375	621.3938224	119.7915058	560.8262548	133.0656371	8.298466252	29.02517888	761.107457	30.26720012	1.310935272	28.95626487	23.2027081	7.647760345	156	353957.1507	11.16850016	26.57330983	0.088623383	5.805393491	-1.96770108	13.58911784	-520.1467181	-73.84555985	-21.15830116	10.45968964	-186.965251	-72.50579151	-365.1119691	91.93436293	2.093057518	43.43879076	-628.2205246	-1.159771437	13.46677905	-14.62655051	-0.868517736	13.81281122
Eryngium_foetidum	exo	0	0	4086.547068	0.362	0.293289267	240.6709291	187.46054	16.58439796	23.59705979	24.79183284	22.22694839	2113.831643	324.0770791	54.52332657	58.12619465	865.4016227	197.7383367	495.0993915	461.969574	9.749519515	74.78270721	105.7988924	30.29318327	16.94843691	13.34474636	23.94132889	23.11220079	208	348834.0705	6.801263521	2.834629828	0.572840646	0.743773598	0.72121479	0.67676593	-1094.117357	-129.6485077	-33.52332657	12.00587834	-350.9730513	-127.1669081	-308.5279629	-257.3981455	0.005194634	-0.992167882	3.159059825	0.766816744	0.884705918	-0.117889178	0.443433195	0.986560907
Euphorbia_tirucalli	inv	1	1	814.7025641	14.9	4.646	235.067851	22.63826	10.48870391	21.63955383	24.58131813	18.15768176	871.4794521	179.6986301	12.97945205	78.20343502	454.5924658	50.33219178	305.0719178	79.76369863	11.96753798	61.4581467	263.8151174	30.74268932	10.82621138	19.91647787	23.44984257	18.95574786	124	585283.0761	8.089703064	13.08897116	0.43410251	2.149121709	0.561946717	3.7954363	-174.7994521	-38.13863014	-4.499452055	3.194176828	-89.43246575	-18.01219178	-148.5919178	58.23630137	-1.769730536	11.16203153	-131.0528386	0.151320611	6.040438595	-5.889117828	0.985354271	4.333928802
Ficus_benjamina	exo	0	0	1702.14	25	13.551	243.3884755	15.898709	10.51864518	24.45698138	27.78009367	20.56552864	1593.988142	311.7272727	33.70750988	83.75948561	814	123.5296443	477.7549407	199.284585	9.980807105	56.49257547	291.3158949	33.50697764	14.49836173	19.00861596	26.16352268	22.34459269	82	380440.3139	6.923698835	3.243315244	0.847308999	0.55608968	-1.442855632	2.755995027	-835.5595709	-132.4415584	-28.56465274	12.34122621	-363.7142857	-97.38678713	-298.4692264	-150.8560136	0.526288232	16.77287406	-166.9849361	-1.229834706	3.393638608	-4.623473362	-0.721427335	1.749978832
Ficus_microcarpa	exo	0	0	2209.782222	0.33	10	241.588023	15.89871	13.77562662	23.10068505	26.62634455	18.92362876	1902.532808	340.5800525	48.69291339	68.31717214	899.1102362	172.0787402	667.2493438	255.167979	8.258086011	53.49950977	315.9578436	31.27043868	13.99569996	17.27473874	25.60581907	20.16311894	172	548742.5618	11.98745044	6.132891652	0.386098685	1.732315131	-0.525011477	4.278465997	-1230.247094	-198.2943382	-43.69291339	19.1842502	-529.2530934	-151.2215973	-501.2493438	-196.167979	3.752675795	21.39024003	-196.4753215	1.447275632	2.679728294	-1.232452689	-0.396295189	3.831738035
Gliricidia_sepium	nat	1	0	675	102.534	19.81	231.0478077	115.262924	19.8576647	24.6887422	26.55144376	22.53551728	1587.471655	302.9387755	21.22902494	86.63530534	798.2131519	78.55782313	420.5578231	200.6712018	11.62592362	68.83673299	165.2127922	33.119697	16.02145004	17.09824697	25.57511964	23.88540574	90	285202.645	7.850721336	4.808157535	0.054173563	-1.37374221	-1.746300674	-1.245993746	-796.4716553	-178.6530612	-1.229024943	-28.64990146	-467.7845805	-7.129251701	-225.5578231	2.900226757	-1.71163823	2.248676992	-17.67030847	-2.757982769	0.412264141	-3.170246929	-2.034547884	-0.876548834
Gomphrena_globosa	nat	1	0	1926.858362	5.05	0.405297503	245.2179126	16.748802	12.31060107	21.96606712	22.9385334	21.00400047	1808	324	9.8	81.71878815	824.8	41.6	346.6	344	9.346800232	75.63169708	78.65793457	28.45200043	16.05280018	12.39920025	21.99693336	21.57906723	207	173775.4051	7.036951976	2.899938351	-0.172066761	-0.137525606	0.18996706	-0.96791749	-941.375	-167.5	8.325	-18.6636796	-417.175	25.275	-140.225	-199	0.145699835	-4.211802864	51.12436018	-0.053000259	-0.956300139	0.903299999	0.362150049	-0.237233877
Gossypium_barbadense	nat	1	0	12584.12599	124.367	1.342	239.7713546	38.320167	9.280992209	23.56665346	24.51323976	22.57417965	1722.977273	227.5454545	86.34090909	61.12723637	618.1931818	282.2954545	490	362.6818182	10.03845729	81.26811188	80.7845864	29.796964	17.32466877	12.47229526	24.03616694	23.05660928	196	735669.4528	5.435023233	5.527868906	0.530571314	0.664417878	1.099427185	-0.118988991	-963.4772727	-74.61688312	-77.19805195	17.96930327	-226.5503247	-244.3668831	-305.9285714	-270.3961039	0.532114001	-8.113127269	51.23028874	1.747322052	-0.256097334	2.003419353	0.883499624	0.593438291
Gossypium_hirsutum	nat	1	0	6075.361125	75.439	1.82	239.4480401	38.320167	9.73952451	24.49095033	26.80632632	21.78998415	1217.602339	240.5409357	15.71052632	86.45172415	622.4473684	59.25438596	355.622807	133.0497076	12.55275706	67.20800644	206.7572132	33.80673183	14.76006928	19.04666255	25.92432844	23.46934728	119	412439.7404	11.13487186	10.08398531	0.336302613	0.182190782	-0.896069638	1.269862137	-428.9100315	-60.04093567	-9.710526316	7.221239655	-162.0242915	-33.40823212	-190.8151147	-52.89586145	-1.974244137	7.198247374	-88.50071003	-1.942731658	2.835776863	-4.778508556	-0.803020775	0.629909158
Hedychium_coronarium	nat	1	0	14633.85487	13.69	1.314839324	262.2977631	95.377311	11.45299823	22.36272153	26.74355053	17.39944774	2086.828025	478.611465	24.75159236	88.65489933	1188.477707	95.23566879	699.4267516	351.9363057	8.465005689	44.25407074	382.8547929	31.76156739	11.80681294	19.95475442	25.10028302	18.92413614	180	314888.618	13.48918091	4.724128904	0.608310776	0.617972928	-2.829995062	4.369885459	-945.8280255	-234.4447983	-13.08492569	-1.934859962	-549.3110403	-50.06900212	-476.5934183	-193.7696391	1.849160618	31.97250702	-292.2802913	-2.067568099	4.255853794	-6.323422025	-1.962838207	3.711530389
Hyparrhenia_rufa	nat	1	0	475.84	0.3	2.5	254.1063752	5.923606	10.26753804	23.63767323	25.62518426	21.51820202	1220.528827	240.7693837	11.1471173	85.12474	631.2982107	48.32405567	338.0636183	256.6441352	11.56717603	66.80914943	170.530355	32.28970598	14.67419881	17.61550716	23.85339687	22.36124477	208	301403.6685	8.433656565	7.110753392	0.386939143	1.859504655	0.983971395	2.590997763	-257.728827	-9.769383698	-3.947117296	15.84331166	-43.43154407	-21.39072233	-194.930285	-116.1108019	-2.008953897	8.175505824	-68.35146728	-0.219572645	4.612201227	-4.831773859	1.749003079	3.062088592
Indigofera_hirsuta	exo	0	0	1194.995326	2.19	1.52	231.2866086	128.431319	12.34991012	24.81611	27.91230803	21.10316049	1257.526395	262.8295626	15.46304676	87.9716536	684.5580694	59.82352941	425.5128205	168.6606335	10.86757032	57.97756482	278.7081938	33.88759366	14.52471175	19.36288191	26.66128576	21.9943646	124	693663.5638	8.847927892	17.197006	0.650306211	0.871465858	-1.017453414	3.05997528	-358.2443439	-56.57315234	-7.309200603	3.808120213	-162.199095	-26.72096531	-267.7179487	-26.66063348	-1.135709596	16.52056402	-166.4913221	-1.543519752	4.718769765	-6.262289516	-0.757870812	3.574877343
Ipomoea_batatas	nat	1	0	9050	48.06155082	1.98	227.9698519	19.687487	16.06783383	23.2398695	25.00072046	21.13413672	1864.611905	331.1357143	30.83571429	76.24275673	864.4285714	114.3428571	451.4	275.5690476	11.15499663	69.02874428	158.8168607	31.40508513	14.94975981	16.45532535	24.06330333	22.4415542	386	675633.8237	8.144378203	6.642498308	0.230629836	0.601213787	0.013737836	1.216530039	-871.9244048	-127.1357143	-17.58571429	6.876108164	-330.8035714	-65.15535714	-272.025	-76.88154762	-1.401121579	4.747721136	-47.36779187	-0.871085446	2.3212404	-3.192325815	-0.261719684	1.327904097
Ipomoea_nil	exo	0	0	6151	36.267	1.5	230.2184653	15.463932	7.770093209	22.76512156	25.58395988	19.71688283	1251.035346	222.7098675	25.80265096	75.69600185	584.544919	92.74521355	372.4712813	175.7540501	12.05163966	64.99224312	241.2972186	32.16295918	12.93009564	19.23286354	24.51865602	21.12966469	193	824217.9604	7.901073349	43.31294398	0.461944881	1.013047989	-0.390563862	2.152991734	-509.5139786	-68.02610677	-15.97359113	4.850143918	-187.8611583	-53.97598278	-216.9242727	-32.60875093	-2.140309213	6.646272315	-102.1682305	-1.322275549	4.057938529	-5.380214086	-0.468211443	2.444078849
Ipomoea_wrightii	exo	0	0	1148.037937	48.06155082	1	226.9603009	9.303935	28.15879	20.31887498	27.08753063	13.00407044	1252.478261	168.2934783	54.2173913	39.87460785	446.3152174	186.9347826	310.7282609	269.9347826	12.05003505	47.37351998	573.6093912	33.61084146	6.08135193	27.5294894	20.58637131	21.52792182	153	819656.8515	4.661276396	40.99689869	0.425737564	3.934158466	-1.41655285	9.289707283	-558.8115942	-19.26014493	-46.78405797	42.383211	-71.64855072	-155.4014493	-139.0949275	-177.7681159	-1.389501682	24.53395784	-432.486888	-2.003641474	10.70184818	-12.70548952	4.208917663	1.916344757
Jacquemontia_pentanthos	exo	0	0	3485.131906	4.9841875	0.741611242	229.9040581	20.005468	8.048972796	24.5167313	26.65255334	21.97048569	1368.142857	240.2285714	27.6031746	71.65063877	635.9238095	100.9206349	405.9777778	204.4761905	11.70093324	68.16729923	193.6277932	33.12289721	15.45887195	17.66402531	25.89865027	23.14711977	256	836458.709	24.3396628	46.73191346	0.466418214	-0.754771833	-1.485105764	-0.119386638	-635.9446589	-84.03037323	-19.0986701	11.38601548	-238.6895753	-66.65036465	-241.3111111	-91.35907336	-1.556005323	3.847850653	-55.39823893	-2.220086224	1.336155135	-3.556241402	-1.539340964	0.215811117
Jacquemontia_tamnifolia	exo	0	0	2971.987184	4.239	0.648052303	229.5614919	20.005467	8.626171001	19.8277937	26.46511648	12.72504687	1436.737401	185.5888594	64.47480106	33.48891605	502.6352785	225.1870027	372.4801061	348.3129973	12.2162056	48.30017812	559.0673507	32.95835397	5.883147238	27.07520673	19.53343557	20.64243002	203	816532.1605	7.187523975	34.7375086	0.628326761	5.697639772	0.180705663	11.53526426	-474.4707339	28.21114058	-58.74146773	59.03410132	51.56472149	-200.1870027	-220.3467728	-148.1129973	-1.968227709	26.93401682	-460.5436368	-0.577020559	12.83098621	-13.40800677	5.838164518	4.821347899
Kalanchoe_pinnata	nat	1	0	8631.205642	0.060076	0.557333516	250.869746	187.1540707	9.715007963	22.74974889	24.48551515	20.37802392	1478.961538	332.6923077	23.15384615	93.15274341	839.8076923	88.15384615	676.5384615	116.6538462	10.89376958	69.44461602	173.7212102	30.11496867	14.38860145	15.72636718	24.33308044	20.91641613	148	803286.0242	7.106812922	8.08128421	0.165468554	2.21398342	1.686235051	3.046922731	-542.9615385	-132.6923077	-12.93956044	-6.462863587	-318.0934066	-49.08241758	-542.967033	86.2032967	-0.799166378	4.369053998	-59.19713454	1.681340804	3.68700585	-2.005665009	0.315294392	3.887076006
Lantana_camara	inv	1	1	1042.65	8.01	2.785	226.2652981	8.787991	7.523069499	21.72376157	24.72076512	18.40096366	1407.13112	228.1979253	39.3340249	62.1934708	604.1452282	140.8908714	394.1497925	257.3983402	11.41109854	63.47074331	259.4860437	30.9951212	11.97256128	19.02255991	23.3883594	20.0822158	256	830771.6915	13.45627684	99.75254924	0.651978534	2.074319309	0.433562057	3.54290595	-631.4759479	-65.4953391	-29.64005938	19.64005929	-186.5245386	-102.7917334	-217.080827	-129.8121334	-1.281010684	8.588473996	-125.3716257	-0.123676052	4.823744173	-4.947420239	0.817292224	3.244239801
Leonotis_nepetifolia	inv	1	1	2467.842791	1.337	0.853285104	226.9832087	57.151536	7.605968292	19.32966378	21.06944622	17.0723051	928.8644068	175.4745763	20.6440678	73.66433787	429.0677966	80.3559322	263.3728814	147.9491525	12.94058197	71.70525108	165.3722035	28.55206784	10.0031186	18.54894931	20.30546896	17.58715259	209	799966.8224	6.402244664	45.59170659	0.351679576	4.776609644	4.434091577	5.153303779	-183.7310734	-20.0079096	-11.95073446	8.313657431	-31.34779661	-44.86259887	-102.1462147	-20.61581921	-2.367830859	0.581181721	-28.97295759	2.919185519	6.853041509	-3.93385605	4.141082118	6.071576247
Lepidium_ruderale	nat	1	0	63.91	0.198	0.153	242.9173739	14.022192	11.41871327	9.387577793	17.26178682	1.787112264	750.6794872	86.5534188	43.14957265	22.20886085	238.6723647	144.230057	210.2884615	174.1730769	8.322784433	33.43625605	633.0209407	23.3118641	-1.806317758	25.11818189	12.41825772	5.819457624	179	267060.609	5.957545837	67.13611884	-0.144706182	12.82770792	6.340689571	18.37745895	-25.10805861	44.87515263	-29.72100122	44.78521983	101.4704925	-90.94434269	6.282967033	-49.74450549	1.524453699	38.59499613	-488.7876883	5.748707295	17.20860333	-11.45989606	10.70536136	15.92663749
Leucaena_leucocephala	inv	1	1	49.07	43.478	3.204	230.4467521	51.406765	7.623887045	22.99584967	26.59096737	18.96216319	1031.718593	193.3551089	23.38525963	76.36709517	502.6231156	85.37855946	338.1005025	127.1892797	12.63375409	60.18619317	313.8684638	33.45603428	11.79546875	21.66056552	24.9680115	21.48857207	193	668924.2481	14.57815341	22.60003699	0.526863945	1.36986193	-0.958100065	3.746562134	-166.2083889	-6.253068061	-15.26281065	10.98462646	-22.86801354	-52.23570232	-158.5086658	21.70867945	-2.447590639	13.08100675	-192.0301703	-2.101111345	5.625720612	-7.726831947	-0.257975402	2.590529959
Leucas_martinicensis	nat	1	0	2328.973477	0.42	0.494522019	225.6153921	57.1512476	12.13270623	20.26630091	23.29055073	16.55145753	860.4673913	169.3369565	9.739130435	80.88288954	433.1413043	38	301.7717391	95.60869565	12.76040221	61.7900508	279.2255317	29.66421111	8.537080702	21.12713039	22.26478575	17.03142863	257	614077.8906	9.119033793	13.96904919	0.365282452	3.650994723	2.068721967	5.349996789	-190.194664	-26.74604743	-1.875494071	3.734332812	-67.45948617	-4.818181818	-152.4535573	20.89130435	-2.608811254	9.333476383	-135.0801792	1.481061754	8.386192167	-6.905130402	1.747941558	6.631328986
Macroptilium_atropurpureum	nat	1	0	3330.085531	13.282	1.21	232.9900647	12.347622	8.202838188	22.53291502	25.22585783	19.47416472	1079.752669	212.4217082	16.29181495	87.69701217	554.9145907	60.22241993	330.6405694	117.3558719	12.93588404	65.67114837	236.1741384	32.43807732	12.22611042	20.21196689	24.30817852	21.35550324	61	818248.745	8.57673454	10.09670641	0.588730135	1.944892681	0.548962567	3.24673273	-227.1372844	-39.07555434	-5.868738024	-7.622481497	-101.9145907	-17.95318916	-152.3328771	33.29797427	-3.008114908	7.054400303	-108.4346265	-1.073000517	5.44496665	-6.517967201	0.320385581	2.792881295
Malpighia_emarginata	exo	0	0	2429.490385	13.775	7	235.7011675	18.950048	17.77981642	24.70076185	26.75962335	22.3428506	1325.41958	232.5314685	25.68531469	73.25715716	612.9090909	96.18881119	367.6153846	262.6433566	11.13120402	69.09226643	183.1203698	32.77959258	16.12836088	16.65123172	26.02869225	23.59669951	75	830223.614	9.219381381	3.585086224	0.618384686	0.173071548	-0.584350319	0.946240165	-489.965035	-36.34965035	-19.86713287	23.54942312	-106	-74.18881119	-228.6153846	-166.6433566	-0.897779665	4.372505882	-64.56533895	-0.726501878	1.953820529	-2.680322427	-0.855237441	0.92633086
Mangifera_indica	inv	1	1	7854	14368.217	18.113	243.5509941	33.344339	8.516001886	25.88087665	30.02137443	21.42529551	1492.798851	418.2787356	4.896551724	113.3050667	998.9683908	28.97413793	292.1982759	258.0833333	10.7824812	49.79574571	345.637471	36.90803722	14.23532523	22.67271202	26.73031976	23.73404377	257	706857.9922	7.16031045	35.93726005	0.521815449	-1.806654345	-4.672207611	1.002260002	-620.8544061	-238.0842912	6.992337165	-30.3106242	-533.190613	17.02586207	-115.2260536	-108.1666667	-0.887870133	23.48861528	-224.367089	-6.000704062	3.157119219	-9.157823314	-2.409523432	0.111641343
Manilkara_zapota	exo	0	0	2211.859994	126.74	21.524	243.6043876	6.417373	9.240270137	25.09102202	27.07126678	22.61898716	1588.592593	285.537037	28.36111111	74.58064541	746.2623457	103.058642	418.537037	210.1358025	11.58931999	67.00291554	183.7762341	33.73282737	16.30036785	17.43245952	26.16839837	24.22147765	195	181504.2785	10.32641745	7.387061325	0.182978899	-2.00049844	-2.764695365	-1.160415317	-639.4497354	-117.6798942	-10.21825397	-10.34936467	-300.54806	-34.91578483	-213.2513228	-2.135802469	-2.493986682	5.191161548	-64.06324539	-4.311112865	0.498489705	-4.809602695	-2.979731889	-1.219382288
Megathyrsus_maximus	inv	1	1	1514.534557	1.008141649	1.310205996	254.5181786	28.3884	8.83496085	22.12897574	24.79024863	18.8249197	965.5827633	182.5731874	13.47058824	78.35072757	473.9384405	54.17647059	322.6183311	155.1586867	12.1082367	63.891934	247.6915114	31.1149228	11.64939579	19.465527	23.90531529	19.47593197	223	741063.4588	7.670351461	17.47598242	0.40362632	1.825976612	0.486263982	3.34829103	-107.3378654	-12.67522823	-0.531812725	-2.476124886	-30.14252213	-2.890756303	-130.4958821	-4.852564282	-2.387846589	8.650777687	-118.7616382	-0.400882081	5.638549742	-6.039431813	0.358290138	4.08779582
Melia_azedarach	nat	1	0	981.75	1067.226	12.198	243.6443836	93.484964	8.525970763	21.8196554	27.31028552	15.95028482	1635.433594	323.8320313	36.0546875	78.80203325	809.0546875	132.1953125	476.2421875	230.5234375	9.569752457	45.88256782	463.0101277	33.29035593	9.889811409	23.40054455	24.90923781	17.84497978	200	635976.0241	6.437144633	17.6018507	0.72918491	1.545943424	-2.612754558	5.561394298	-816.1002604	-171.7209201	-21.49913194	-6.268808857	-406.3880208	-77.93605324	-260.2792245	-92.2271412	0.712827778	25.68436613	-329.1263439	-2.784726283	6.262633077	-9.047359391	-1.254595842	4.935118957
Melinis_minutiflora	nat	1	0	848.58	0.096	0.758	254.8202375	28.388399	9.463278973	20.43630252	22.11225204	18.37478446	1414.553333	256.12	14.73333333	75.62280867	678.5866667	64.04	404.0266667	285.52	10.99273559	68.76655983	155.5048585	28.33134669	12.05634555	16.27500111	21.1268919	19.0719917	199	398225.5063	10.21948183	5.796064612	0.306457324	1.344060343	0.95606156	1.471529356	-545.2003922	-108.4729412	2.443137255	-10.60140957	-284.174902	0.489411765	-158.614902	-135.6964706	-0.693657293	2.933135757	-19.67106214	0.48582968	2.458948464	-1.973118649	1.058284501	2.040870827
Melinis_repens	inv	1	1	369.69	0.303	0.55	254.5506095	28.388399	8.802120379	20.1870772	23.51929931	16.07490683	756.3077905	143.0063857	9.001277139	79.67434009	379.6756066	35.11877395	249.6002554	108.4572158	13.18651271	60.5380582	309.2163244	30.33898741	8.051180253	22.28780717	22.23084922	16.88672175	130	678514.7208	9.879364906	89.0873954	0.477840853	3.432300618	1.432454151	5.673093155	16.45248342	19.80183348	0.286394094	3.970285996	37.61891391	1.196294547	-53.61395406	5.748263616	-2.940003532	11.70954737	-175.2674772	0.381998926	8.472381368	-8.090382447	1.948945288	6.077597913
Mirabilis_jalapa	nat	1	0	2048.684162	69.698	1.5	246.5205432	86.020247	9.23009005	19.95770771	22.78416439	16.60757078	976.45629	202.4200426	13.62686567	89.76447282	528.4754797	50.21535181	326.7334755	76.01918977	14.4478427	64.26314985	253.5120409	30.94333657	8.245739675	22.69759695	21.76281849	18.46044191	208	646413.6151	5.827588725	16.40174002	0.255953105	3.042520266	1.35783561	4.841306353	0.964762653	-9.420042644	0.162608013	-11.47398683	-22.79126922	2.258332398	-140.4703176	156.4544944	-4.517667323	9.228426097	-140.2002811	-1.235968223	7.950681396	-9.186649675	1.327637417	4.476540399
Momordica_charantia	inv	1	1	3019	62.303	1.225	244.0202449	53.597432	8.134379318	24.55882435	27.51023415	21.1347604	1443.714964	287.7577197	18.11163895	83.55354767	733.1686461	74.13064133	425.8123515	216.0142518	9.765358404	59.10928345	260.0881026	33.32330457	15.2728927	18.05041188	25.74391934	22.31546099	208	719320.8422	13.39315733	42.18080272	0.53710045	-0.337547916	-1.953248911	1.301956872	-635.9896123	-118.5253253	-7.611638955	-0.342922423	-298.8376602	-33.59543006	-257.9602389	-75.62692784	0.409807988	13.57748907	-130.1145101	-2.028605508	2.011127836	-4.039733344	-1.210133839	1.488295333
Morinda_citrifolia	exo	0	0	9050	14.99	6.09	227.5803497	34.637399	13.88002684	25.98415473	27.77774418	23.85786853	2093.855505	404.0206422	47.64220183	76.02784578	1047.84633	169.2155963	569.7155963	386.9747706	8.444008821	65.15195441	159.6738549	32.57628832	18.84568827	13.73060006	26.58686589	24.68269737	102	518315.2456	14.62274018	9.339209867	0.400236045	-0.905130026	-1.509126209	-0.17418738	-1227.267269	-202.7853481	-40.58337831	17.74071385	-543.4345656	-140.5685375	-436.0685375	-267.1512412	1.710742845	8.971650312	-52.04015287	-0.613209545	-0.603188354	-0.010021193	-1.412753234	0.155982452
Moringa_oleifera	exo	0	0	1411.852597	239.255	14.6304	244.1744127	114.804664	8.804018749	26.41915742	30.79238239	21.59221484	1328.525862	372.9224138	4.224137931	115.8245711	892.6206897	26.56896552	256.862069	198.8103448	10.8898617	49.19260111	369.7533041	37.59921233	14.39662759	23.20258476	27.51192223	24.23725013	188	693572.2066	6.987422408	28.27788857	0.499667917	-1.816951956	-4.961937862	1.369629478	-516.1591954	-189.8890805	3.009195402	-25.09301629	-429.854023	3.531034483	-91.3954023	-90.34367816	-0.481872837	24.65569907	-250.3981797	-5.908945661	3.156972399	-9.065918049	-2.514722343	-0.051161314
Nerium_oleander	exo	0	0	1981.39	3.491	3.262	227.3480847	29.52849	13.85936464	15.91278983	23.21319834	9.047306541	765.3655589	125.496811	21.37562941	53.09192259	328.18429	81.77005707	134.0906344	215.1930178	9.794411042	38.58524301	581.5551926	29.9501639	4.177868908	25.77229497	13.74214209	19.66507842	386	502705.75	5.682374907	46.3156914	0.652170349	9.063282482	2.939879354	14.43921537	60.83444109	63.10318899	-14.70896274	39.87724576	154.0823766	-54.23672373	2.242698892	-78.52635112	0.358122299	36.69558738	-470.4828402	1.923436234	14.16673088	-12.24329463	11.38782464	5.229166088
Nicotiana_glauca	inv	1	1	5515.04	0.032	3.862	230.9951606	59.8247585	7.818589851	17.60827741	22.76287203	11.97836921	713.6704545	115.7045455	17.53787879	66.51493074	311.8636364	60.40530303	285.7272727	64.125	13.22121767	52.5831267	440.9787347	30.0372152	4.577676772	25.45953837	21.91358584	12.35583052	162	763827.454	8.50629438	133.6283434	0.456401892	6.093062838	2.40128599	9.611850684	-115.7632381	11.49133083	-10.92963137	15.8893779	3.321930647	-32.36406592	-123.9437676	17.16365979	-2.803609437	18.59470379	-291.0434137	1.029300257	11.85848819	-10.82918787	2.568737209	10.61037575
Nicotiana_tabacum	nat	1	0	9050	0.043	1.709	229.3529681	59.825239	11.04965536	19.28616668	20.13789897	18.26727276	1405.212121	195	52.90909091	52.8674567	542.030303	180.4242424	393.9090909	194.030303	11.78635353	79.74155542	78.1275629	26.42896973	11.55963629	14.86933344	19.60652522	18.49814148	256	643228.2378	9.062201258	3.937407578	0.205716549	3.029799924	3.491367392	2.074526975	-580.6121212	-38.8	-41.30909091	24.50656102	-129.430303	-138.1242424	-155.8090909	-39.53030303	-1.701087036	-9.165900814	60.14575711	3.027829968	3.613563647	-0.585733492	3.116875088	3.264191821
Nopalea_cochenillifera	nat	1	0	27884.43	5.449666116	1.142580506	243.2882305	11.822018	17.78491021	24.11748045	26.21870591	21.55023541	1280.588235	259.5882353	15.88235294	89.42104766	690.7058824	55.11764706	419.1764706	69.94117647	13.27849035	67.05545538	191.4500694	33.75882407	13.92611762	19.83270645	25.33756862	22.56733345	141	424274.6245	7.2394531	3.981936297	0.370626171	0.154986213	-0.403239217	0.78616443	-316.1882353	-86.58823529	7.317647059	-26.03094146	-234.9058824	29.48235294	-254.3764706	273.8588235	-3.253557104	3.517580818	-44.54363785	-2.163624102	3.481882185	-5.645506287	-1.782901719	2.172533192
Ocimum_americanum	nat	1	0	683.3857192	0.881	0.509286373	226.1059665	26.486808	8.503931413	22.17560024	25.36894157	18.25347483	900.9382022	196.2022472	12.62359551	87.42508929	481.494382	48.25842697	279.5168539	98.88202247	12.44599768	60.50209463	291.5651612	31.84923626	10.46267355	21.38656266	24.27896554	18.99707088	196	690212.438	7.216699103	8.266767648	0.533472351	1.888524721	0.055724925	3.967658593	-129.9382022	-54.10224719	0.176404494	-17.95241807	-111.994382	2.491573034	-97.41685393	22.11797753	-2.138647757	12.11322672	-158.0134335	-0.670836414	6.52412636	-7.194962717	0.502901198	4.45746222
Ocimum_gratissimum	nat	1	0	5678.73911	0.972	0.803867371	226.555812	26.486953	9.209738286	22.50300203	24.68804695	19.90929785	1256.862816	255.3862816	15.64620939	82.09551715	628.7761733	66.92057762	357.1407942	196.2635379	10.90211454	65.72805128	195.9572343	30.74580728	13.52894547	17.21686177	23.50524033	20.86424091	207	697639.6984	9.550025898	9.649893207	0.400864289	1.884993544	1.058146085	2.6639477	-398.6259738	-84.38628159	-2.119893597	-3.854629757	-183.0393312	-16.63110393	-183.16711	-25.18459054	-1.0058426	6.254642845	-63.89416123	0.54482437	3.9884229	-3.443598469	0.860233313	3.347443061
Oeceoclades_maculata	nat	1	0	6804.974365	0.039834615	0.283	259.0491953	42.358034	8.950685116	23.75334988	25.12373352	21.84440002	1397	307.9	3.9	92.10415192	745.9	21.5	339.5	89.8	10.79150004	66.47795334	135.9256435	31.49239998	15.17919993	16.31320019	24.1185997	22.4925333	200	557726.761	6.998932251	7.635529337	0.148545971	-0.827864308	-0.831050449	-0.795573552	-458.6	-134.4111111	12.7	-23.41101083	-286.6111111	40.94444444	-132.2777778	125.0444444	-1.10229498	5.039569685	0.248684904	-1.753396479	0.991462035	-2.744858657	-0.979864417	0.349479188
Oldenlandia_corymbosa	nat	1	0	75	0.39	0.077	228.4070966	24.687774	8.526589585	24.73258801	27.00743254	22.26865347	1257.68	266.6553846	11.91384615	88.38682691	665.5938462	52.93538462	296.36	244.1661538	10.93286101	64.45724494	194.0879095	33.43475695	15.69696862	17.73778834	24.98892338	23.44033346	183	635628.6833	10.62048829	3.560702331	0.490984295	-0.366901701	-1.570373591	0.631581765	-298.2682353	-70.94950226	0.909683258	-7.006681552	-155.5938462	-0.876561086	-102.9482353	-89.22497738	-0.949253294	10.95515569	-87.83375884	-2.474285966	1.973149036	-4.447435012	-0.392335358	0.778529076
Opuntia_dillenii	nat	1	0	1060.29	21.92	1.039230485	242.9992951	11.82202	25.13881924	24.30272174	27.57416807	20.44198671	1040.408163	189.1020408	25.90816327	68.47232908	480.4897959	93.34693878	337.5	126.5204082	10.99843394	59.42208356	293.4462805	33.62724693	14.35777363	19.26947329	26.39093873	22.44560287	104	665066.1437	12.27024959	7.284294275	0.491258677	-0.370548287	-2.236223902	1.574707635	-188.7653061	-26.3877551	-12.69387755	0.888923567	-58.34693878	-42.06122449	-152.2142857	30.76530612	-1.210852701	13.02377389	-154.5118001	-2.841437826	2.835036023	-5.6764739	-1.788149123	1.096726505
Opuntia_ficus-indica	inv	1	1	1060.29	13.63	3.04	243.841159	11.822018	10.66859888	18.1693978	21.47971236	14.31718891	644.3289474	144.9561404	6.035087719	93.92962926	380.1929825	25.70175439	247.6096491	45.38596491	15.88741232	63.38463214	294.2686162	30.32055278	5.084657186	25.23589565	20.43740257	16.5653175	195	519041.6466	6.334772903	17.1803196	0.122757642	4.643738559	2.790287581	6.530144479	24.58014354	-12.5015949	3.510366826	-17.86173354	-36.92025518	12.66188198	-75.33692185	37.06858054	-5.782412342	7.505992162	-151.518664	-0.410371045	10.59461564	-11.00498691	2.949264157	5.342258457
Panicum_repens	nat	1	0	675	0.75	0.548	254.9505285	5.988304	19.57835166	22.30836427	25.70288362	18.58380801	871.2898551	172.9782609	8.557971014	85.26888159	441.8695652	37.83333333	192.1449275	224.3188406	11.3246241	57.80408558	295.1548989	32.10787674	11.89567467	20.21220209	22.08276954	21.77331959	183	667526.0375	6.704305536	2.387911109	0.607684706	2.808885851	0.649116295	4.856858502	-202.1231884	-24.97826087	-4.891304348	4.622388729	-66.36956522	-19.83333333	-19.3115942	-143.3188406	-0.053013041	18.19178819	-175.0081208	0.496123355	5.874991766	-5.378868442	3.545563871	2.640346817
Parkinsonia_aculeata	inv	1	1	675	109.858	5	231.7569418	17.037366	7.612074499	20.39910243	26.39774604	14.16678342	696.1474531	116.8114388	20.2922252	64.55580495	299.7399464	73.15638963	221.6353887	116.6577301	13.56858224	51.97733482	500.2082792	33.87224412	6.752356567	27.11988753	23.38065859	17.98098036	191	790702.6534	6.096517379	134.8097776	0.626498713	4.121199587	-0.483120983	8.427141522	-16.02870308	30.18231122	-12.8859752	19.5445655	69.57880362	-42.58763963	-54.81038874	-27.29523012	-2.945615583	20.58030185	-362.0144157	-1.985194241	10.49161852	-12.47681275	1.712799726	5.918344593
Petiveria_alliacea	nat	1	0	7083.160566	13.54	1	246.6747822	142.881595	9.113346195	24.16791876	26.0925327	21.91982485	1597.737676	269.6778169	34.7693662	69.63497384	710.8309859	127.9137324	434.2869718	253.346831	10.87744431	69.26444618	172.6486547	32.08534817	15.85106375	16.23428444	25.19443595	22.96011838	257	754872.8771	8.865538952	14.86844245	0.688347906	0.242179237	-0.399097897	0.856552	-712.5420239	-71.26477342	-26.29110533	20.97529073	-203.2875077	-94.02242805	-277.5261023	-102.7163962	-0.689552935	3.849975162	-51.68977532	-0.637696016	1.636675293	-2.274371328	-0.623522883	1.229620679
Physalis_angulata	inv	1	1	3628.889433	0.56	0.526217867	230.6056741	25.279264	7.813048483	24.00738656	25.74063527	22.1108153	1688.27896	253.9125296	47.8321513	60.83305389	690.9834515	169.4018913	420.9621749	362.7021277	10.48916855	71.55718672	149.9869992	31.55230391	16.26054751	15.2917564	24.88886738	22.95027802	208	836313.8744	11.58928355	26.26992793	0.506839947	0.496440915	0.039139953	0.685766105	-918.3138435	-81.40090164	-39.994942	28.46909577	-255.2160097	-137.5065424	-266.1714773	-234.8765463	-0.400079434	2.004492852	-25.97244471	-0.068582842	1.474382829	-1.542965679	-0.001999214	1.299093929
Physalis_pruinosa	nat	1	0	2167.641004	0.855	0.6	228.7891311	35.133112	22.23786241	23.38031256	25.70378836	20.94092833	1077.824324	236.7567568	6.094594595	103.1979231	614.8108108	25.18918919	323.2162162	65.55405405	12.76294591	67.42841664	194.7690855	32.81856081	13.60000454	19.21855634	24.73854133	22.50075824	137	337366.188	9.01918452	4.22578777	0.130959744	0.562004069	-0.251121312	0.817938361	-485.1243243	-94.25675676	-1.094594595	-12.23323117	-271.0108108	-4.489189189	-172.6162162	-6.954054054	-2.528312464	3.328047747	-40.90115189	-1.524160401	3.224795286	-4.748955758	0.17645882	0.637374813
Pithecellobium_dulce	nat	1	0	2575.013273	65.671	20	227.844909	23.50361	11.49014005	24.27609029	26.78914161	21.48970672	1113.620743	219.5588235	16.66718266	86.84190133	569.3978328	64.89473684	334.5665635	159.3529412	12.80930898	67.95439063	218.3471313	33.81450126	14.25108297	19.5634183	25.66605279	23.42162136	26	788815.3477	12.34313652	11.94954773	0.507375535	0.648734402	-0.556064882	1.814070925	-249.4412559	-32.45625943	-7.821028816	-0.099720874	-86.19270461	-28.2537112	-188.3101532	2.211161388	-2.785317602	5.396152271	-96.80394273	-1.913885761	3.964506654	-5.878392429	-0.754839181	1.533404284
Plantago_major	nat	1	0	4852.23	0.22	0.167	228.2138834	102.320484	7.91736923	7.125305671	16.7429735	-2.265984699	755.4889457	96.62397604	35.91649784	32.33454163	265.2338589	121.1193517	216.5871576	169.8719281	8.457638406	29.76348377	776.3266868	22.92194037	-6.523006843	29.44494722	12.7228903	2.860602289	152	662097.494	7.26211169	95.56580258	-0.073138859	15.42543945	7.083418735	22.91629847	107.0992896	53.72896513	-19.79885078	37.71698943	139.7661411	-61.00170465	26.64813654	-38.10722224	2.152636077	42.09505693	-641.7072334	6.869118341	21.58630092	-14.71718253	10.40059975	18.7550839
Plinia_cauliflora	exo	0	0	324.53	3.992292574	4.268940471	238.9783689	45.056939	8.939291607	20.93161994	23.62976244	17.84163261	1516.935484	228.7204301	48.30107527	52.00936165	624.4677419	171.1397849	530.6129032	220.0107527	10.85667525	62.25664775	239.6970968	29.19939393	11.46779599	17.73159791	22.88338807	18.34838321	155	292872.9457	7.09462941	11.88169565	0.21988891	1.695789213	0.312783013	2.976791444	-682.8445748	-69.26588465	-37.028348	20.5221526	-201.1950147	-128.3216031	-304.431085	-48.55620723	-0.955190409	8.568235455	-108.3012997	0.391151379	4.175840278	-3.784688955	0.185036157	3.515616936
Prosopis_juliflora	inv	1	1	29.84625	38.377	10.058	229.9422652	57.250983	8.107096771	24.26259212	26.58488467	21.70435427	1029.253472	204.1111111	12.5	84.71675477	515.7256944	52.10069444	286.7152778	154.28125	12.32380254	70.31332187	201.2122712	33.24683676	14.78258692	18.46424986	25.64168595	23.21035687	82	791861.5265	9.539639212	12.8228905	0.377959051	0.191979525	-0.789823586	0.881817955	-396.1264881	-57.3015873	-7.896825397	7.372058166	-151.6463294	-32.18005952	-138.2708333	-78.64632937	-1.840666412	2.366171506	-67.87437632	-1.565968885	2.471755109	-4.037723983	-0.647020989	0.722440848
Prosopis_pallida	inv	1	1	29.84625	45	24.331	229.3997165	57.250983	8.842901175	23.43849313	25.25960823	21.76100377	450.6666667	110.25	10.125	110.7190584	258.4583333	34.375	239.8333333	40.45833333	10.18873157	72.36867237	146.0657047	30.49688832	16.34585131	14.15103694	25.12832201	22.16106451	84	770766.2746	8.163570512	3.084202283	0.397404251	1.057959897	0.685178261	0.749870115	192.1138211	39.79878049	-5.00304878	-20.05809078	104.8343496	-11.32621951	-71.63821138	14.02947154	0.468017387	-0.506754456	-3.815360969	1.440396522	0.776762455	0.663634183	0.146796706	1.41837182
Psidium_guajava	nat	1	0	3048.58	10.326	9.134	239.7082181	42.881257	8.242965044	22.53184765	24.40611891	20.34654602	1541.21409	257.5205855	36.44373285	71.78353613	685.2186642	132.6559927	424.2406221	264.4492223	11.62358211	70.93239082	167.6176651	30.88636034	13.87688408	17.00947627	23.55267592	21.57572834	257	830861.5414	6.794840001	20.76111316	0.635890131	1.523587455	0.940021956	1.981175862	-735.0890897	-89.11780777	-26.36039951	11.65399815	-250.121442	-93.72543713	-245.6156221	-132.6992223	-1.345183441	2.320245981	-41.4927851	0.230349559	3.171423582	-2.941073977	0.787493428	2.075979202
Ricinus_communis	inv	1	1	21322.7576	332.116	4.966	236.9860563	64.349192	8.382414582	19.87098092	21.30441013	18.65869236	1023.576923	205.1923077	12.38461538	81.88312677	518.2692308	53.11538462	228.1538462	235.1153846	14.08383329	75.73741003	108.3838466	29.1627691	10.53153856	18.63123035	19.68515385	19.21512813	257	684196.1021	7.431490381	33.80954829	-0.095727217	4.244332621	4.160714259	3.664919455	-217.8903559	-30.34156142	-3.98163031	4.896554704	-69.86624569	-19.50344432	-77.48220436	-93.10045924	-4.078758683	-3.401448505	22.06156909	2.000395013	6.77401378	-4.77361857	4.736587407	4.668036007
Rivina_humilis	nat	1	0	4885.023963	3.203	0.6	246.8594849	142.881594	8.384326651	22.07563514	26.20670224	17.46146537	1182.582176	197.3217593	31.46643519	62.58274498	512.8148148	113.9108796	354.6232639	175.1927083	12.05777392	58.33015932	358.2648807	32.75834102	10.6438482	22.11449283	24.78797616	19.17300098	386	745656.5494	7.975391738	37.93180272	0.496500471	1.649759934	-1.054163442	4.329429574	-405.7328609	-47.7053209	-18.72670916	10.16483467	-124.3490614	-64.1711536	-181.4451817	-22.09681792	-2.300646063	13.13093547	-217.8883118	-2.103217659	6.346288888	-8.449506574	-0.697145079	4.232076652
Saccharum_officinarum	exo	0	0	24907.09492	0.4	2.691	256.2647573	16.2589268	25.00591836	21.64963027	24.68905258	18.11904694	1835.882353	295.8235294	64.52941176	50.53925071	783.2352941	225.2941176	695.4705882	265.2352941	8.224080563	55.55681677	267.2725778	28.79464755	13.22439365	15.57025393	23.15720923	19.85719204	142	303637.2009	6.456505897	5.249018916	0.487390984	2.794175429	1.008614222	4.867841945	-952.8823529	-95.49019608	-58.52941176	45.31785327	-267.0686275	-202.627451	-581.9705882	-144.0686275	2.064752738	17.55242217	-155.3992678	2.766685785	4.198272901	-1.431587144	1.473901917	4.490252177
Senna_siamea	nat	1	0	675	24.131	9.487	231.610146	59.49555	8.59978436	24.57368774	26.97095011	21.41500091	1670.283582	285.4477612	36.56716418	69.91684646	762.0447761	133.3283582	529.1492537	240.4328358	9.790251141	61.0588203	230.4684952	32.5217025	15.08862579	17.43307677	26.01716207	22.01208403	107	730300.2849	12.43607834	9.071798921	0.056500238	-0.365132093	-1.468950151	1.132887849	-860.5058043	-112.0588723	-27.51160862	13.31452637	-316.3781095	-96.32835821	-366.0381426	-115.9328358	0.328230256	11.97428365	-106.8942201	-1.284146992	2.296485273	-3.580632336	-1.722088028	1.986693893
Sesbania_virgata	inv	1	1	7206.740976	20.3204	1.949772845	231.0432791	33.452912	11.92801647	20.34976947	24.63065042	15.83611227	1235.486339	171.9726776	43.96174863	45.43212414	466.7431694	151.0382514	413.6612022	162.579235	11.31365201	53.73592066	359.6971048	30.91366589	9.488585857	21.42508004	23.31404554	16.33830096	46	518715.0152	7.246224166	32.15571673	0.303335925	3.632155543	0.796249679	6.146021116	-557.8863388	-33.0226776	-34.71174863	32.63234482	-117.0931694	-115.1882514	-256.0612022	-44.37923497	-0.821102116	17.43186346	-214.4282472	0.497134285	7.236413952	-6.73927973	1.134087641	7.187265718
Sonchus_oleraceus	exo	0	0	2619.09	0.287	0.795	231.408686	55.662736	8.075832221	9.76148571	18.0333029	1.802165139	768.2070707	96.06721057	37.43881119	30.70109578	264.6524864	127.2937063	196.7078477	192.0668221	8.574355067	33.49155191	665.4007142	24.21611164	-2.224209752	26.44032142	12.15827342	8.046290063	198	486322.7658	6.534416374	125.1197194	-0.386793067	12.44072636	5.589444579	18.33452188	-21.78282828	32.93278943	-21.74184149	35.55146636	71.40811966	-66.5967366	19.74669775	-56.91530692	1.508392364	37.25673957	-518.8712388	5.120615616	17.32699767	-12.20638204	10.69942358	13.51835646
Sorghum_bicolor	nat	1	0	13406.48	11.183	1.609	257.6216837	13.3904208	11.38448997	22.89969491	25.55084167	20.2800435	910.2816594	197.1659389	8.759825328	86.87085701	494.4148472	37.2139738	193.19869	217.058952	12.73714464	65.36076934	216.5517745	32.805746	12.70888757	20.09685845	22.53410235	21.27979421	118	785465.8683	9.937785296	5.523019653	0.547080581	1.864398724	0.432908196	2.859664538	-91.21915939	-25.79093886	-0.822325328	-0.798149599	-49.85234716	-4.276473799	-3.823689956	-67.12145197	-2.385540415	8.880045347	-97.71506549	-1.045496142	5.08686227	-6.132358444	2.320522871	3.042247304
Sorghum_halepense	nat	1	0	5260.54	3.464	1.406	256.2545396	13.403397	17.23281716	20.21641527	27.0369421	12.84584861	714.3888889	200.4444444	3.944444444	107.375074	480.4333333	18.77777778	108.9888889	196.1555556	11.29297456	41.92173261	580.2806549	33.87234308	6.532056285	27.34028687	16.31464752	24.34278504	207	466994.0695	6.656340849	14.21320648	0.585414743	5.308012027	-0.266525126	11.16927631	132.4861111	8.743055556	0.805555556	-5.582825083	47.44166667	2.597222222	44.76111111	-92.78055556	-1.094287123	32.97069818	-467.6968522	-1.311343453	12.38844387	-13.6997874	9.391060983	0.882131539
Sphenoclea_zeylanica	nat	1	0	3961.849468	0.01	1.5	232.4511107	113.092924	18.5995544	26.18434547	28.24324637	23.86338322	1286.384615	313.6153846	11.42307692	101.2355713	763.8461538	50.30769231	356.4615385	336.7307692	10.59201334	64.42794844	180.8841782	34.02939166	17.43895241	16.59043914	26.76849439	24.98061767	204	388968.874	7.143553468	4.171933033	0.306044427	-1.657830372	-2.193731255	-1.494474251	-600.1118881	-159.5244755	-5.604895105	-9.984814997	-386.7552448	-23.76223776	-198.7342657	-233.9125874	-0.106073968	5.982069789	-26.92068481	-2.089755078	-0.425861409	-1.66389356	-1.63649459	-1.133890472
Syzygium_jambos	exo	0	0	61.83	2380	15	240.1219318	71.750999	8.40542849	26.16211141	27.26071129	24.74551099	2197.266667	329.1333333	94.26666667	49.64846032	861.8	323	519.4	566.6	8.931199964	75.74318441	102.6066577	32.35226644	19.66533337	12.68693314	26.12715556	25.27742221	271	257866.6947	9.003699814	23.40190074	0.042836937	-4.950933456	-4.922355779	-5.411155574	-1332.8	-180	-79.66666667	19.83206768	-453.2	-268.6666667	-211.8	-473	2.309333483	-3.419456482	25.6345487	-3.663733164	-6.516266759	2.852533722	-4.072800191	-5.340444438
Tagetes_erecta	nat	1	0	2062.398	3.285	0.19	230.3097267	20.093289	8.550631464	21.27347361	23.56800106	18.53657339	1191.058968	243.4275184	15.74201474	92.06369498	648.3759214	55.95577396	373.8648649	82.72727273	13.67804194	66.4037116	206.1182484	31.38458324	10.63561976	20.74896353	22.56032216	20.03808824	210	299228.9219	6.843457869	4.688724397	0.236305179	0.564336361	-0.417429235	1.263331296	-446.6303966	-114.2846613	-1.313443313	-25.47670572	-310.2330642	-1.098631099	-143.1505792	27.12987013	-3.482232367	4.813569201	-63.60614162	-2.554297756	3.952380132	-6.506677937	0.183201297	0.893435763
Tagetes_minuta	nat	1	0	1934.092379	0.84	0.739	230.1616736	20.093289	7.856807805	17.69903072	22.06516344	13.05465307	1091.147799	154.4937107	41.13836478	51.68641095	418.2861635	141.8899371	358.1855346	183.4245283	11.86385616	55.41549745	368.6406847	28.60417664	6.465441308	22.13873533	20.4155019	14.30250694	208	476968.747	10.41351042	50.70814691	0.595467939	4.799732903	1.85044873	7.402801512	-333.6568897	-9.166437965	-29.64745569	21.95016908	-43.75889079	-97.16266438	-158.3309891	-61.80634648	-1.487953166	15.83652448	-223.0078005	1.197132257	8.776667869	-7.579535595	2.912122333	7.508329431
Talisia_esculenta	exo	0	0	5958.05	587.2966667	9.208511186	243.2366581	61.165864	8.253589377	24.46347129	26.06251327	22.30796639	1454.461538	241.7008547	26.48717949	66.34939449	663.0854701	98.00854701	413.7948718	236.4615385	11.17359531	67.8854733	159.8110812	32.10951357	15.47736403	16.63214951	25.40079932	22.73297383	197	837682.987	9.855966277	30.70620697	0.074674668	-1.003203617	-1.311493041	-0.557582606	-591.037296	-53.88267288	-19.01748252	22.00859329	-179.0854701	-68.12975913	-233.9615385	-93.4009324	-0.980130655	4.50772558	-35.17498423	-1.520422643	1.013969281	-2.534391852	-1.630476259	0.367460442
Tamarindus_indica	exo	0	0	23653.92177	716.86	12.19	236.0655334	80.403348	8.525458883	25.84845944	28.32090585	23.48762776	952.1723356	220.6530612	5.421768707	101.4398278	558.0793651	23.88888889	227.5623583	236.0068027	11.75118504	63.5721754	199.5209744	35.14163597	16.38392514	18.75771086	25.65991539	24.51354754	386	666484.1462	10.48668263	20.16303784	0.530176911	-1.181071673	-2.334672925	-0.540072302	-187.5945578	-53.18639456	2.55600907	-15.38609856	-129.3460317	9.022222222	-71.76235828	-122.9845805	-1.472240139	9.404741439	-72.9431369	-3.337762826	1.310436822	-4.648199653	-0.707638147	-0.23206192
Tecoma_stans	exo	0	0	6844.357516	6.077	6.09	225.8234039	80.5787478	15.00944264	21.09432303	24.45478476	17.37544632	1023.506909	188.4087273	19.95854545	78.08553535	490.9883636	74.86254545	320.2749091	145.1774545	13.2549502	64.30924799	291.0432387	31.70011248	9.95055453	21.74955794	23.35079505	19.64664627	153	302709.4405	6.748732525	7.082506317	0.681751326	3.475766182	1.452681998	5.434598034	-269.3735758	-28.60872727	-10.09187879	2.825128252	-80.8550303	-32.66254545	-171.2082424	-18.77745455	-3.193172259	8.345304983	-162.2361123	-0.062512156	7.834245363	-7.896757505	1.535960701	4.702553659
Terminalia_catappa	inv	1	1	13078.42	2840.912	13.71	243.5203341	52.704007	12.96694741	26.17205471	28.48039372	23.68145214	1836.189944	358.9553073	42.35195531	79.18589911	912.6759777	152.2346369	449.273743	365.1201117	9.032017239	63.11945241	193.147012	33.88833674	18.28757058	15.60076616	26.56878924	24.9746812	204	616453.4395	8.170173784	9.614426412	0.365304999	-1.04770782	-2.217262739	0.077699002	-941.2316108	-159.5803073	-32.22695531	11.17127258	-401.9676443	-114.5263035	-321.023743	-236.4117784	0.424188288	11.23480438	-89.99055138	-2.325788019	0.518515406	-2.844303425	-1.326344886	0.030150746
Thunbergia_alata	nat	1	0	4503.917799	25.8	1.229667917	226.4433908	69.475678	13.87033283	18.85223805	20.91417885	16.4213711	1041.165493	184.7957746	22.58098592	64.81064458	461.7253521	87.08802817	309.8802817	146.6443662	11.30440192	67.62011993	185.2276324	27.09788808	10.00224438	17.09564372	19.71997793	17.4066219	155	317059.3341	6.337725695	4.122831796	0.317780926	3.322595252	2.547345025	3.90605745	31.40593561	1.775653924	-4.152414487	3.165910833	49.9889336	-17.5165996	-65.30885312	105.7842052	-2.092354341	3.399392794	-54.56073561	1.536397707	5.633755576	-4.097357883	2.287926944	4.681663819
Tradescantia_zebrina	nat	1	0	15.6624309	2.49996	0.214670593	261.0360575	19.840317	27.16996517	23.01081685	24.91627239	20.72433101	1851.810924	321.6428571	31.84453782	74.13103179	843.7478992	118.9705882	451.7310924	309.092437	11.35902823	68.0079862	172.4388741	31.48126771	14.43687324	17.04439448	23.92175714	22.22255091	81	107927.8141	10.42434154	3.918545303	0.08510503	-0.022872354	-0.843532045	0.795076258	-756.3664799	-120.9761905	-13.7334267	-2.737348674	-304.1923436	-53.08169935	-225.6199813	-50.20354809	-2.715731985	4.653603108	-66.52216466	-2.497267825	2.635571361	-5.132839191	-0.657090474	0.823671142
Tragus_berteronianus	inv	1	1	172.6204191	0.257	0.45	254.8520624	25.855332	8.924623933	17.94261216	23.28251263	11.7425244	590.375	106.9431818	9.712121212	69.28889112	281.280303	36.31439394	252.9507576	45.17045455	13.76290951	53.50854015	472.4764219	30.20338631	3.409472198	26.79391415	22.58041411	12.00780215	186	789560.9508	8.50050422	123.9598592	0.732949868	6.402042587	2.493475456	10.61720174	56.80357143	36.00324675	-2.578192641	15.72226835	75.16612554	-6.814393939	-97.73647186	40.12418831	-3.461457167	18.44458175	-329.9770868	1.364613679	13.8273492	-12.46273554	2.393556204	11.72851333
Trianthema_portulacastrum	nat	1	0	713.2616813	1.477	0.05	245.4784259	149.752278	14.42381145	22.73205271	27.97913783	17.24170885	817.6380368	171.4331288	12.89079755	83.97761745	432.1092025	49.6208589	243.5300613	119.9680982	12.93565444	54.71609102	438.6667722	35.16642873	9.907416041	25.25901267	25.18711896	21.74025709	65	824376.6886	7.882707107	17.40900466	0.654499722	2.852482655	-1.170430855	6.802169933	26.63469046	26.14262874	-6.648373304	12.82728009	68.19382785	-23.77237405	-94.0755159	8.94099275	-2.844139315	19.63567239	-324.3800097	-2.656246785	8.989432435	-11.64567917	0.603244641	3.596005472
Tridax_procumbens	nat	1	0	468.02	0.69	0.833	230.3949342	19.326858	7.857108086	25.13125675	26.44368927	23.70939402	1652.298246	278.1637427	29.44444444	65.73608236	717.4561404	107.8245614	363.7894737	298.8245614	9.108420709	71.28685749	112.7437088	31.53791936	18.69032864	12.84759072	25.47700833	24.52145889	49	826851.5901	8.218467023	55.81636024	0.175652602	-0.855959483	-0.803317729	-1.248324327	-863.7385441	-106.7906084	-20.42205638	19.70208445	-279.7695732	-72.30217334	-202.6999214	-175.2723226	0.974555191	0.875534226	19.61235545	-0.169083538	-1.31733365	1.148250107	-0.933645088	-0.557876766
Urochloa_arrecta	nat	1	0	1836.854645	1.52974	0.633226914	256.8464	28.388408	25.9004115	20.79869143	23.21476555	17.77311085	914.8518519	152.2592593	18.92592593	68.1100567	409	70.59259259	302.5555556	97.74074074	11.46049376	62.70463039	225.7037717	29.28103708	10.60814814	18.67288886	22.80335808	17.93641952	57	90564.53427	5.870891503	10.31079805	0.705957673	4.980280876	3.899345716	6.624888915	82.98148148	99.57407407	-12.92592593	35.08592083	221.5	-39.42592593	-183.0555556	37.92592593	-1.320882674	11.22384531	-113.7148584	3.687630265	8.639184749	-4.951554404	2.806085904	7.675469999
Urochloa_brizantha	nat	1	0	2287.22	0.9361936	1.001	254.5156131	28.3884	9.727072729	21.91672067	23.45543497	20.22834603	1195.557143	223.6047619	10.32380952	79.8157196	578.3619048	47.1	264.6619048	224.5619048	11.44956187	69.55602252	134.447962	30.28933328	13.45521906	16.8341142	21.97000635	20.90126037	91	333130.2359	10.02784973	7.065861545	0.235178806	1.040345928	1.004342865	0.558631997	-394.1571429	-100.8047619	12.14285714	-24.18472582	-238.7619048	33.1	-40.92857143	-25.0952381	-1.927428582	-0.949388758	20.51576171	-0.475733503	2.530647867	-3.006381353	0.885060329	1.698961776
Urochloa_decumbens	nat	1	0	981.62	3.336	0.55	243.338353	28.388399	9.721040346	20.34154602	21.08442286	19.56289563	1183.768657	182.3656716	22.03731343	57.15202959	464.7164179	96.28358209	262.8507463	229.4626866	11.08881841	79.72053773	64.22849238	27.48838806	13.45277613	14.03561192	20.39156218	19.99165174	59	649595.519	6.239148337	10.8721692	0.520584372	3.330394379	3.935482095	2.35467598	-344.7686567	-10.07995736	-8.89445629	19.8411124	-20.71641791	-43.56929638	-62.99360341	-108.891258	-1.024461134	-7.455205096	65.36513609	3.147326333	3.258366678	-0.111040271	3.733104302	3.280776771
Urochloa_mosambicensis	inv	1	1	2012.987442	1.225	0.3362	254.9095876	28.388399	11.29872859	21.10651926	24.47035272	16.71980226	693.7945946	132.2054054	8.2	79.38651319	349.4054054	31.40540541	299.3243243	38.15135135	13.1517054	59.75459991	322.9809087	30.58438654	8.326929769	22.25745674	24.14350087	16.84945693	50	565239.2837	6.437517286	20.83901669	0.473840631	3.14963707	1.129021933	5.714364292	49.14290541	27.60709459	0.175	5.239867731	54.53209459	4.969594595	-137.2618243	76.66114865	-2.912767721	13.38183846	-191.5054949	0.752613476	8.976070383	-8.223456878	0.565415914	7.100251655
Urochloa_mutica	nat	1	0	2125.29979	0.9876	0.917513571	254.8212858	28.388399	12.05718284	25.96830435	28.87491598	22.97842444	985.0649351	215.4415584	6.376623377	101.7888481	523.7662338	36.22077922	206.2207792	220.3116883	11.11282249	61.71553342	240.6576041	35.34621719	16.4342153	18.91200188	24.85670366	25.76816997	207	498652.8727	8.691762995	5.372284491	-0.105188801	-1.021190532	-2.620976782	0.336393678	-241.2012987	-41.48701299	0.123376623	-9.287853811	-93.4025974	-9.084415584	-59.44805195	-95.17532468	-0.990625425	11.8410056	-118.2546077	-3.290944657	1.831784713	-5.122729314	0.408084275	-1.202563942
Urochloa_trichopus	exo	0	0	1414.841633	1.33	0.25457299	256.4690637	28.388379	12.90037378	21.27154812	24.58040667	16.96432786	710.2252252	137.5045045	8.297297297	79.90807769	359.8738739	31.26126126	299.6576577	40.71171171	13.09726786	59.99528844	317.4610749	30.73650905	8.625327357	22.11118165	24.20220389	17.09921349	50	428273.1725	6.250177002	16.44288417	0.539929397	3.523221317	1.528362527	6.151979624	42.85169785	37.26472626	-2.066528067	12.09000411	83.43381843	-2.953568954	-159.3499653	54.67290367	-2.671370339	13.9927833	-193.4005585	1.22779859	9.206057375	-7.97825874	1.046154912	7.362991958
Vitex_agnus-castus	nat	1	0	3467.996078	8.657	3	226.4338535	20.136192	14.79099927	14.23676135	21.85494326	7.185932423	714.8705967	98.87562904	26.6736161	42.58807358	267.1279655	97.04457225	110.7390367	229.635514	9.300199466	36.47341345	603.7823295	28.3736548	2.860505097	25.5131497	11.37253006	19.21337778	124	510037.6228	5.68184835	96.09556128	-0.445789004	11.08002446	4.643009197	16.50221022	106.9865462	81.48151381	-16.88790182	45.99354269	191.4434631	-61.54457225	50.11810619	-93.63551402	0.325086228	38.05119407	-486.6811689	3.518059295	16.06549468	-12.54743538	14.32756526	5.805717367
Zea_mays	exo	0	0	31173.3	232.285	2.08	255.9365344	29.7497008	19.73612332	20.7530615	23.8332811	17.19706991	1099.663801	221.6620808	14.28116939	88.93702732	578.494411	53.80309544	347.5305245	112.7050731	14.20433478	64.18868547	272.2768226	31.7965742	9.104955083	22.69161906	22.83871937	19.23265922	138	784366.8951	5.945747479	37.02361727	0.312856147	3.370406718	1.652031077	5.114062493	-336.108245	-67.12239829	-4.709740818	-8.660184934	-173.0975856	-15.46976211	-179.6416356	31.51714914	-4.131197287	7.918437767	-140.119934	-0.569653545	8.119997282	-8.689650737	1.315111111	4.656811743
Zinnia_elegans	exo	0	0	2738.147591	9.003	0.4	230.901357	24.296074	11.80989844	22.99022212	25.36640995	20.27446056	1427.366167	271.7730193	19.93147752	85.75811908	712.1713062	75.16059957	381.9379015	201.4068522	12.78879798	66.92513907	208.7472822	32.63150587	13.05692081	19.57458505	24.25349767	22.07473356	180	552946.8273	7.094834838	5.909031169	0.233651587	0.801355537	-0.313832229	1.791761692	-588.0995004	-107.7730193	-7.398144183	-10.05068983	-286.7713062	-24.76059957	-199.3379015	-20.94018558	-2.674620278	6.542337334	-83.28915437	-1.947505726	3.843612357	-5.791118076	-0.181453171	1.499399609
