sp	stat	naturalized	invasive	LA	SM	H	mpds	min	mpds_weighted	bio_1_native	bio_10_native	bio_11_native	bio_12_native	bio_13_native	bio_14_native	bio_15_native	bio_16_native	bio_17_native	bio_18_native	bio_19_native	bio_2_native	bio_3_native	bio_4_native	bio_5_native	bio_6_native	bio_7_native	bio_8_native	bio_9_native	year_p	Area_p	euclid_p	F_pres	nmi_p	bio_1_p	bio_10_p	bio_11_p	bio_12_p	bio_13_p	bio_14_p	bio_15_p	bio_16_p	bio_17_p	bio_18_p	bio_19_p	bio_2_p	bio_3_p	bio_4_p	bio_5_p	bio_6_p	bio_7_p	bio_8_p	bio_9_p
Agave sisalana	nat	1	0	7665.237837	7.4388	3.040096156	264.1212247	44.549292	12.62851521	23.79757504	25.91286478	21.19393444	1060.952381	194.9047619	19.80952381	80.79316239	514.3333333	70.23809524	322.8571429	93	13.24154849	67.59443665	193.7296771	33.56796692	13.9136398	19.65432707	25.14992728	22.67620909	157	38424.18688	8.880695984	4.908027168	0.149444244	1.211055983	0.810945148	1.676700592	-296.4999927	-46.40476299	-7.547619195	-8.823577245	-133.3333344	-22.66666673	-173.6428574	50.26190458	-3.448492822	-0.142171315	-34.5225197	-0.901300203	4.186359905	-5.087660472	0.566739355	2.222997348
Albizia lebbeck	inv	1	1	275	119.805	6.562	227.6992072	51.06034	12.12499089	25.27459815	29.28046696	20.6517187	1150.881295	298.9064748	8.169064748	102.5085282	726.1726619	35.55035971	316.0827338	96.78057554	11.38477705	51.59538309	348.2177333	35.93687607	13.2872284	22.64964772	27.01712448	22.41670528	225	125749.9771	6.17359678	7.437866778	0.597492829	1.494707267	-0.892689057	4.259948362	-243.0479637	-87.40647406	0.064268601	-10.70965312	-191.0726603	-1.383692537	-176.2494002	21.08609202	-1.386165888	18.02312277	-206.3447146	-1.476875842	6.632771484	-8.10964785	0.109542545	4.086628003
Alpinia zerumbet	exo	0	0	14860.63009	17.4992	1.5707965	262.2933293	95.377312	15.61131486	21.26814832	26.2696781	15.52251463	2165.575	393.5333333	51.89166667	69.24335688	1042.833333	180.6666667	917.0416667	227.75	6.455870664	35.03206666	442.3184558	30.10808891	11.38126852	18.72682033	25.07103107	16.89947309	229	279663.7716	12.30306843	29.14852871	0.259486393	5.658472164	2.106248077	9.78257786	-1248.991669	-190.9499994	-44.44722221	20.87228217	-518.5277761	-151.4444445	-792.1527774	-45.44444505	3.710333192	36.67081292	-317.1845421	4.361355845	8.804842451	-4.443486873	1.907209897	9.899137918
Amaranthus blitum	nat	1	0	878.3508053	0.16	0.429	244.5149672	65.087106	30.20238989	11.37748821	19.01206797	4.019587659	869.8596382	110.790393	43.72738615	27.54362619	299.5327511	147.5159077	244.3462258	192.0798503	8.740931784	35.43464802	613.6978655	25.18086158	0.044409182	25.13645238	12.99526283	9.641468763	224	294352.9124	5.470231847	54.90096332	0.153854233	14.61469929	8.813626827	19.77207885	-224.3179779	40.70960794	-37.26905284	62.7182008	72.34224891	-121.8075741	-140.8462263	-86.41318473	1.712887849	32.38234855	-448.203413	9.135805021	18.84725771	-9.711452432	13.34362605	15.91408658
Amaranthus spinosus	nat	1	0	3332.678074	0.194	1.5	246.0866919	65.087105	8.861958563	24.121413	25.08924098	23.09465814	1998.747748	308.4864865	51.53153153	59.65507743	811.5405405	192.7027027	526.3333333	463.3063063	9.683499156	79.19863929	82.56338551	30.38531803	17.96445908	12.42085895	24.42385172	23.65827024	237	423912.3087	7.952122913	48.72691483	0.378790918	2.620210953	3.285972756	1.82448724	-1179.229798	-117.3069991	-44.45973672	33.49501653	-329.4277236	-163.9283436	-414.7333338	-325.3422031	0.611458145	-9.57974457	58.84482589	4.224938278	1.791951211	2.432987262	2.496490332	2.895490462
Ananas comosus	exo	0	0	21606.23593	2.009133333	0.914	260.0572114	22.46263	12.23994529	23.42708949	25.08973405	21.47133015	1755.544538	267.2890756	47.14117647	56.68963465	737.7260504	168.1495798	443.9344538	375.8033613	10.63921338	69.8050424	150.7499633	30.95752676	15.27037182	15.68715494	24.19035725	22.07440768	422	56080.56832	5.923988461	3.205048017	0.49396385	0.710102067	0.594216374	0.958916844	-728.0260238	-56.88166766	-34.47451002	27.33084985	-183.1704983	-122.2977284	-207.5640844	-219.5441022	0.33763851	-1.09079544	-17.43770024	1.390621583	1.055554008	0.335067576	0.353469807	0.897196981
Andropogon gayanus	inv	1	1	675	2.5584	3.5	254.4051947	5.90498	9.703608107	23.4068766	26.53987013	19.37178348	612.1038961	141.4285714	6.090909091	102.8218365	368.3506494	21.2987013	236.5194805	22.46753247	13.67091325	60.06802799	296.5311465	33.60732455	10.74561042	22.86171418	25.71370561	19.92588742	105	423036.158	5.832711519	15.86186136	0.57142956	3.70053081	2.350870269	6.017105356	305.6183227	74.98809651	-1.202020255	-2.411971802	189.5382361	2.284631796	-81.04725946	105.3935769	-2.451005967	8.392107786	-153.8151122	2.151008179	8.551611873	-6.400603109	1.45249805	6.244482843
Annona muricata	exo	0	0	9050	391.336	6.09	270.8685477	28.441229	12.86939135	24.29655197	26.08790449	22.14684892	1511.369427	285.1019108	30.22929936	83.2154916	757.1273885	106.3630573	522.3757962	166.6050955	11.25157315	70.26857364	163.4354121	32.27086755	15.92398618	16.34688139	25.44405146	23.38497231	178	36940.00947	8.813502583	8.380251423	0.563786825	1.504142673	1.316893327	1.79128259	-591.0967023	-92.99584941	-18.27475391	-1.861620433	-263.0819326	-60.74184577	-385.9515531	66.13733168	-1.411295434	-1.307173174	-19.41570987	1.07307206	3.010862389	-1.937790744	0.295090007	2.485229673
Annona reticulata	exo	0	0	6008.695933	239.2	6.09	270.9808501	35.521535	11.12839063	25.40497754	26.28968913	24.35831121	2082.666667	313.5333333	46.93333333	52.540065	814.8666667	187.2	432.0666667	567.6	9.99608895	78.67593002	79.93558566	31.92933337	19.05626685	12.87306646	25.3920887	25.23453331	218	445873.1274	6.713208581	5.702157169	0.092842463	0.222105598	1.120495733	-0.637940598	-1116.388885	-111.7555585	-34.98888907	30.32925428	-284.3111043	-135.9222223	-281.8999975	-288.0999975	0.847892475	-10.10203934	73.06127612	2.142889341	-0.822933578	2.965822665	0.530133438	-0.043792725
Argemone mexicana	inv	1	1	3816.709304	1.848	1	264.8287001	225.876142	8.960290802	22.58579708	25.48130858	19.22372535	1063.17623	210.4364754	16.29508197	84.37472045	541.6188525	59.9057377	341.8995902	93.94672131	12.95436436	63.80232961	257.1653943	32.59304028	11.88006016	20.71298016	24.56579503	20.8385739	220	152901.8941	9.899620605	57.23631806	0.421045566	3.241428045	2.129179032	4.414426616	-398.4109231	-62.21878792	-9.516170413	2.917900654	-171.1902807	-32.20505737	-215.9336035	12.89681629	-2.280866624	4.219703925	-93.65641731	1.529748845	6.505994181	-4.976245504	1.896393258	4.314147079
Aristida adscensionis	inv	1	1	70.2	0.606	0.304	255.1188239	19.521018	9.197524523	21.17719749	25.12839371	16.51171696	548.2293907	117.3243728	4.940860215	87.51376005	301.3458781	20.71326165	185.4050179	71.21146953	13.89925799	59.06903091	355.9466818	32.51225854	8.288005071	24.22425347	23.23096689	17.98166328	229	210260.0499	6.727190514	50.66348533	0.497301994	5.24578233	3.120932734	7.779107988	139.4069739	45.6806779	0.877321567	5.580395055	102.194526	3.210980775	-55.13229128	12.52085333	-2.955655297	8.964690781	-194.3695508	2.403903142	10.48977267	-8.085869601	3.79529589	7.656299722
Artemisia vulgaris	exo	0	0	2373.93	0.144	1.377	234.1739613	37.886161	14.51068641	9.500318816	17.13261212	2.191795459	819.0060484	96.1797235	44.20218894	24.95069598	267.0423387	148.7456797	210.9547811	198.3093318	8.289395437	34.10008195	612.3942484	23.11586085	-1.476947943	24.59280881	11.23823453	7.721842238	120	383420.0719	7.527473033	113.14854	-0.074440745	17.09120912	11.1979436	22.33820466	-79.20604839	59.85361161	-33.23552229	61.31342183	138.1243239	-107.6456796	-96.6214479	-76.87599783	1.902548876	34.40745818	-457.3200716	11.4108056	21.10694787	-9.696142089	15.27398776	18.54704643
Artocarpus altilis	nat	1	0	80944	5898	13.47	243.338353	28.388399	9.721040346	25.68992709	26.25544016	24.95526475	2603.278689	355.6803279	105.5081967	41.66548945	974.4344262	357.3032787	660.4754098	590.5655738	8.159829413	82.01327043	55.14531767	30.78857455	20.77094997	10.01762458	25.64359554	25.45165282	259	17641.66246	7.910184527	9.530764478	-0.604251622	-2.163538154	-1.66099589	-2.775265206	-1370.878689	-117.6803309	-86.77486361	34.37785925	-343.7010949	-292.1032798	-469.6087427	-384.5655768	1.021837533	-11.81303468	44.6053232	-0.628575081	-3.744283324	3.115708625	-2.068040119	-1.906097328
Artocarpus heterophyllus	nat	1	0	6877.84	9491.546	14	242.6705711	84.927726	16.51276405	24.60125214	27.0440763	21.74011748	2089.619687	432.2348993	37.53467562	78.84122143	1084.93736	139.8255034	538.3378076	367.409396	8.891835918	60.48627069	217.7540851	32.17905253	16.16747982	16.0115727	25.51555214	22.75043975	360	33022.07488	7.173350907	3.848106793	0.540460365	-0.444902954	-1.406774579	0.548771446	-1020.38158	-231.306329	-20.67753274	-7.646973234	-551.6278422	-77.58740848	-351.1235212	-127.5760598	0.908164205	8.519780509	-79.39198473	-0.621909866	1.087282289	-1.709191731	-1.066346057	1.445591955
Averrhoa carambola	exo	0	0	2378.868631	0.60396	8	242.6213612	91.338587	17.07976735	23.96410847	27.08750449	20.13241126	1932.427184	315.9708738	46.6407767	62.39867886	854.0776699	171.0776699	646.9029126	336.8834951	8.035168037	57.94692912	289.2097531	31.53841258	15.33365619	16.20475647	26.32819194	21.12395271	224	159498.9937	5.952778137	10.42967941	-0.118858958	2.384271463	0.532866217	4.725922325	-834.843841	-91.66531971	-32.5018879	19.29764247	-266.8832195	-120.2998918	-493.1529126	-63.80016118	1.401406025	14.84047018	-176.1014297	1.522698716	4.669121621	-3.146422992	-0.063377089	5.437621274
Azadirachta indica	inv	1	1	675	232.758	15	242.5922827	93.484964	11.57530588	26.20770297	30.86688391	20.98218377	1071.424084	294.3333333	4.633507853	113.7152802	707.7434555	25.67888307	213.1762653	148.0104712	11.46258422	48.77358614	397.6072559	38.16308728	13.61129324	24.551794	27.39591619	24.3592081	76	250533.6095	5.806793228	27.07848843	0.625983625	1.357652066	-1.828457937	5.185717691	-158.2389023	-73.41666603	1.246121785	-12.53199239	-146.1508673	-1.09554991	-108.0095985	26.75804764	-1.139744719	23.16326324	-279.9607263	-2.876976186	7.209076955	-10.08605332	0.051923332	3.109619045
Bauhinia monandra	exo	0	0	20868.46955	199.8	5.1816	234.4210325	25.613708	11.99392486	24.88750057	26.50385882	22.47205168	1501.233333	360.7666667	15.13333333	105.3236776	919.1	59.76666667	645.4	71.93333333	11.5090109	68.52397334	170.700189	32.47995122	15.66141925	16.81853199	26.22796987	22.86026624	173	162073.346	4.871266353	12.48952093	-0.933632741	0.900485706	0.83391908	1.514059575	-644.233344	-175.8500006	-5.150000008	-20.15290426	-443.7166687	-21.11666671	-497.1666662	84.55000097	-1.319427578	1.394687398	-33.05763391	0.973381774	3.16858058	-2.195198822	-0.158803209	2.64751145
Bidens pilosa	nat	1	0	463.61	1.805	0.9	230.5243485	10.030346	7.791477767	20.14732338	22.51815104	17.41626546	1273.320051	226.8226221	26.14781491	77.05821128	596.8316195	97.03341902	367.3881748	186.3033419	12.6911192	68.11875201	209.6440667	29.65918891	10.31780997	19.34137892	21.52362144	19.08582429	292	156057.6328	6.194073712	64.13194196	0.525005317	5.346480028	4.757489888	5.928392752	-529.3649228	-68.94121202	-16.76640473	5.091849278	-195.2963628	-58.93085484	-221.1061236	-62.28731686	-2.156931209	-0.496473096	-47.87143715	4.031515932	7.760715704	-3.729199486	4.477126369	5.781002777
Boerhavia coccinea	nat	1	0	2521.329349	1.142	0.384641448	246.7781101	86.020246	9.252208277	20.85495732	26.21707968	15.31193948	737.4560847	142.352381	14.80740741	75.95931523	366.5269841	55.26349206	245.6603175	97.22010582	13.99796735	56.37982203	446.8545726	33.86408124	7.577181414	26.28689985	23.63924546	19.22532747	244	671924.4861	6.960652952	28.69844848	0.675997544	5.978249839	2.351775552	9.567016768	-11.55709414	26.23347771	-8.969023581	14.56981218	54.76594486	-30.5867246	-124.4582964	38.67888496	-3.38862388	12.63813398	-294.137386	1.158140994	11.9945357	-10.83639471	3.491730899	7.040160894
Boerhavia diffusa	inv	1	1	1686.018789	2.473	0.38264927	246.629122	86.020246	8.419253764	23.37397745	26.28183818	20.08067342	1126.140449	215.1797753	19.47752809	82.55587304	559.8876404	73.33146067	369.9101124	158.9101124	11.8279183	63.14302801	254.954274	32.71095924	13.32487519	19.38608406	25.04581611	21.75329829	175	292076.716	10.81981529	33.20767012	0.49558408	3.137532401	1.969372041	4.364211007	-414.7048053	-50.64182131	-12.24650501	7.582012219	-148.5444065	-44.10703821	-249.0850302	-49.40846274	-1.410729081	5.202280499	-98.82978375	1.866598332	5.954992811	-4.088394258	1.928221362	4.264963456
Bougainvillea glabra	exo	0	0	4174.107927	36.29084545	15	246.5023697	13.738748	9.056812964	20.55013235	22.87582608	17.89310918	1440.155	217.785	45.21	52.08991786	594.23	161.545	479.115	243.235	10.72531615	65.37067711	206.5262097	28.46974549	11.65174846	16.81799703	22.0826429	18.63257733	243	36678.31603	5.95156472	29.27411057	0.548153243	4.548330099	3.9007612	5.05153357	-674.7145256	-68.01119029	-33.4004763	24.4396609	-203.0038103	-115.2592862	-261.5554759	-147.342143	0.049584676	2.992263816	-47.45899823	4.706445024	5.712537074	-1.006092294	3.954063408	5.030319441
Caesalpinia pulcherrima	exo	0	0	11289.10831	181.82	5	231.8856849	55.328889	8.217012528	23.89087419	26.9709608	20.38362861	1088.942356	233.1528822	14.07769424	94.4897736	608.0200501	52.09022556	391.6140351	87.76441103	13.91594476	64.20058104	271.9288626	34.61488	12.48758843	22.12729156	26.09248009	22.6821131	237	293908.2834	9.277349709	26.50106201	0.466654072	2.568509336	1.062643614	4.224094948	-306.5277217	-65.57564519	-4.654930074	-11.34110536	-179.0444404	-14.29347743	-242.4026528	49.51201187	-3.522381059	5.638944791	-130.0467238	-0.323010297	6.840053868	-7.163063762	0.807926635	3.111924977
Calotropis procera	inv	1	1	17989.73191	8.802	6	227.7389434	12.876662	7.673224142	25.12317079	30.38335744	19.27844208	493.6402049	141.9769526	2.259923175	105.2578348	333.3085787	11.85147247	112.9180538	62.57106274	12.88173753	51.11215064	453.756611	37.9195221	11.51140366	26.40811844	24.98901094	25.40346784	150	230736.4782	9.04128497	89.60199948	0.466664256	1.521033443	-2.118821081	5.486010845	276.4901196	35.8601403	4.193710897	-12.62964244	117.5836532	14.18862768	23.12455312	51.96778442	-2.315760111	18.57678153	-310.5006267	-3.3137577	7.83671666	-11.15047439	2.027697478	0.634669036
Carica papaya	nat	1	0	39553.88	22.164	6.045	243.4784395	37.081704	11.89718947	23.49705649	25.44439783	21.26212491	1650.741525	272.8440678	40.57542373	66.66153595	724.370339	144.790678	454.6355932	291.8161017	10.88251709	69.10908668	172.9123523	31.44387596	15.18003704	16.26383892	24.52703476	22.33543495	422	78114.5047	11.57410373	22.56124075	0.600112483	2.93751552	2.561157552	3.361599018	-804.9036917	-92.21343668	-31.05290114	18.54447936	-259.5144842	-108.5204077	-332.0680267	-104.0052902	-0.527487137	0.820795167	-33.07519514	2.759727273	4.128071083	-1.368343665	1.948941252	4.115015383
Casuarina equisetifolia	exo	0	0	11	2.685	21.193	243.1564444	218.137297	20.51552362	24.31423405	26.67817153	21.50318805	1780.992157	298.9333333	50	63.51882608	799.9098039	180.545098	536.2941176	306.2117647	8.250321588	60.72618068	210.8568588	31.14769443	16.75855198	14.38914249	25.69883051	22.42917522	218	160951.0093	6.45090098	4.578602078	0.641851419	3.512710302	2.417383968	4.854589732	-806.5921691	-70.99999593	-43.66666665	36.98219168	-212.5764787	-156.4117646	-400.2941176	-158.8117609	1.098011961	12.67281834	-100.6654449	3.452305566	5.021447564	-1.569142409	2.37228079	5.754158372
Catharanthus roseus	inv	1	1	2098.713995	1.415	0.50967692	228.77099	26.681466	8.143425577	22.39172558	25.09322725	18.93456339	1360.592593	262.7592593	27.57407407	82.8955117	704.5185185	104.1851852	659.962963	142.0185185	11.93182582	64.30970588	257.2064907	30.81913634	12.32917545	18.4899609	25.02062808	19.7631567	244	126524.588	7.221295144	32.56857711	-0.31797403	3.776633764	2.61493244	5.387485394	-560.0509256	-88.53009204	-18.42824075	2.347514201	-260.9039374	-69.19560156	-539.6400467	50.9189796	-1.778961188	5.905662634	-117.666657	3.049613222	7.024991062	-3.97537767	1.470170511	6.36444743
Cenchrus ciliaris	inv	1	1	225	1.024	0.909	254.5583656	12.035007	8.935547864	21.71173614	26.16893697	16.39439262	453.8030113	98.28607277	5.229611041	86.14524925	244.6072773	21.48933501	162.2521957	47.13801757	13.59044738	56.40024605	403.3934181	33.35250311	8.47529059	24.8772125	23.02319046	19.81865295	168	287923.2082	9.222410521	87.73212999	0.577624929	4.604600497	1.934528343	7.810392922	254.0682749	61.33108942	1.800091884	0.872528147	156.6039433	7.480962099	-26.0541758	58.25802227	-2.860084329	11.83218066	-242.9128181	1.256737672	10.35738262	-9.100644914	3.889350771	5.733987325
Cenchrus echinatus	inv	1	1	2181.65708	17.2	0.346329724	254.3870266	12.035007	8.917380703	22.01211768	26.13001666	17.41160016	1076.427699	194.7678208	27.36252546	73.72315557	510.4704684	99.68431772	362.8594705	145.8594705	12.86681619	57.45567975	358.0338816	33.10151292	10.11842115	22.98309176	24.41740457	20.48264855	244	259294.6749	9.257888959	49.28994513	0.62625044	4.729523831	2.20735704	7.503248447	-270.0822451	-8.973881704	-19.25949519	17.97696622	-40.08258752	-67.48431761	-238.3564393	-17.68977281	-2.628987875	12.43762379	-218.1148087	1.412426395	9.662184927	-8.249758396	2.51552469	6.007048436
Cenchrus pedicellatus	nat	1	0	1026.336624	0.571995088	0.78799517	258.4411477	12.035007	16.09623001	26.9344308	29.98608311	24.4062633	961.2913907	245.3245033	1.59602649	113.306124	615.3509934	10.31788079	146.3907285	275.6721854	12.39821564	59.96482699	227.7204594	37.48096553	16.44943901	21.03152657	25.98936541	25.56466493	124	129436.5737	18.30643786	16.61271671	0.300145212	0.55424994	-1.13413838	1.865958837	71.35860012	-1.607835373	5.037306859	-13.79248497	0.899008148	15.34878576	-31.89072857	-55.00551663	-2.395576775	13.34723508	-122.2102998	-2.712632097	4.572227521	-7.284859759	1.165912411	2.161724094
Cenchrus polystachios	inv	1	1	1157.205451	0.411735725	0.596327972	256.1492681	12.035008	14.98954883	23.85447416	25.76782618	21.87341627	1445.083333	300.6	20.08333333	85.59915428	745.85	81.15	375.15	282.8833333	10.43176481	67.0347304	161.3055764	31.73504764	15.9423892	15.79265846	24.07682658	22.83848471	216	73466.70797	7.821666979	4.022325457	0.569837236	2.451295097	2.147985803	2.677011237	-531.8525594	-84.26666647	-13.28846151	10.79414159	-197.5166682	-53.04743607	-270.8166668	-73.70384434	0.132337657	3.257002385	-23.87543051	2.59828574	3.285816191	-0.687530241	2.381292739	3.501686225
Cenchrus purpureus	nat	1	0	2151.187383	0.713830876	1.411591657	254.3770574	12.035007	10.11546158	23.76840324	25.38213559	22.02561859	1350.038136	240.5338983	15.40254237	75.31114702	627.7966102	67.46610169	313.6101695	342.7161017	10.70450138	69.85716315	138.7666808	31.71988136	16.02647455	15.69340683	23.67544063	23.01204228	153	126997.4385	9.365450438	11.13250835	0.482387036	2.383152318	2.527642094	2.128381659	-587.0514693	-65.36056579	-7.48254244	15.05617049	-188.0366114	-36.09276837	-184.8235032	-247.7827681	-0.12427921	-1.549764473	14.96304046	2.633451612	2.806858613	-0.173406943	2.804114805	2.428846617
Chenopodium murale	inv	1	1	316	0.621	0.466	246.2636348	87.322517	8.786790645	13.7772385	21.3144557	7.042545044	601.0733333	77.58666667	22.42	38.8861597	211.3511111	86.56222222	110.4555556	169.3111111	10.26434443	38.90676943	586.9420977	28.60657439	2.186873993	26.41970042	12.43032178	17.01118783	244	26431.08045	6.699729954	44.26850909	-0.262826786	10.85417165	5.099219751	15.24207055	97.41384459	47.3876927	-8.163589612	29.51495366	113.2642759	-32.1519658	50.64700874	-30.02905973	-0.122464139	27.69774858	-414.8629656	3.960092727	15.19774117	-11.23764927	12.85514845	7.193940475
Chloris gayana	nat	1	0	3019	0.307	1.27	255.9724836	4.805397	21.58429117	20.54756396	23.42853236	16.99410874	794.2390244	141.5073171	13.70731707	73.06382161	375.3609756	52.16585366	289.9756098	84.82439024	12.40573475	62.21943689	266.0563797	29.76642559	9.414270354	20.35215529	22.53294129	17.57391273	144	151587.2256	9.178301103	6.7282968	0.503392303	6.109380317	4.868133978	7.624780497	12.3609634	14.82601728	-2.640650756	0.937084766	38.63902439	-7.232521788	-173.8422762	101.3089472	-2.382956998	6.707185885	-111.5701973	4.473574178	10.21239591	-5.738821969	3.899280692	9.401643069
Citrullus lanatus	inv	1	1	8834.419566	77.424	0.965	242.7725733	40.276678	11.91284131	20.36997737	24.56228571	15.61141441	683.8591549	126.2887324	7.246478873	72.48583426	328.2887324	30.07746479	200.3591549	154.5	13.06054276	57.31871377	368.460232	31.36810128	7.898754523	23.4693467	21.31313276	18.28693372	422	478940.6269	5.300983492	14.08573457	0.491657732	7.008334377	4.480449174	10.00781645	81.47418153	52.42921711	-0.708017335	20.5389692	120.3522893	-2.000541969	-86.0258214	-9.49999956	-2.388534244	12.52503858	-227.7310059	4.180616658	12.30893792	-8.128321205	6.226610661	8.737425465
Clitoria ternatea	nat	1	0	3879.350718	47.29	0.549348726	233.0011338	29.505945	8.526886759	24.27860329	26.06846609	22.12406428	994.0080645	216.983871	11.08870968	88.93898066	530.2822581	48	321.6935484	145.3225806	10.75155899	68.67957257	162.6221594	32.06256948	16.23264966	15.82991978	25.05010523	23.0900461	243	476416.0164	7.524670108	10.34932652	0.577645902	2.848791285	2.59034633	3.303138935	-153.3184125	-26.44364091	-3.67491659	3.172156142	-46.89145101	-17.96551731	-197.2107899	-14.55246515	-0.191022624	2.340858689	-30.22938762	2.902947762	3.799534149	-0.89658642	2.225948294	3.744436621
Cocos nucifera	exo	0	0	18166.75	503988.826	18.28	261.9974096	16.57905395	28.19726716	24.81651485	26.21700042	23.14158247	2122.507177	321.3588517	69.18660287	54.05639143	870.0191388	241.8038278	593.6315789	413.4066986	8.08809815	71.37973601	125.9481973	30.6386133	18.71453203	11.92408128	25.48286268	23.82495685	422	438155.477	5.064651192	16.93823295	0.476507895	2.51743593	2.455839378	2.767368547	-1163.562726	-101.6366303	-60.53845471	39.04927409	-309.5932185	-208.7853091	-461.0019489	-198.3141055	1.744617865	1.304121801	-12.13024542	3.811386399	2.076208941	1.735177825	1.710655961	3.538314759
Coffea arabica	exo	0	0	3760.28	189.904	4.57	228.6400441	14.1550516	8.319338159	19.83647356	21.42874994	18.06525926	1268.098039	225.745098	23.94117647	67.11716929	564.7254902	94.43137255	344.3921569	251.9019608	12.33306916	71.32897074	138.6561127	28.39982676	11.04823528	17.35159154	20.42267863	18.66503108	244	27057.07213	6.149356132	14.9656606	0.431240546	4.472415322	4.375324025	4.450666592	-256.9869308	-20.50065529	-11.63006553	14.95088644	-25.36993396	-51.09803941	-174.7921593	23.87581905	-2.011958049	-1.584019874	-4.192710951	3.613506624	6.113986887	-2.500480383	4.022506587	5.309042968
Coix lacryma-jobi	nat	1	0	4674.509337	51.334	1.288815976	257.2527098	16.25939	22.73112179	19.03744564	26.0756571	11.11457433	1560.569024	305.5016835	29.06734007	73.27570804	790.2929293	106.9191919	608.6094276	161.6329966	8.364643842	34.66189668	611.2869901	31.05247146	5.790751462	25.26171997	23.98018095	12.52010113	234	326815.8751	9.508710864	10.52647405	0.581594913	6.470424721	0.931750086	12.68542554	-622.6801381	-97.0016835	-18.9562289	17.53829876	-256.459596	-67.75252573	-495.6649823	-3.188555156	1.294615477	34.69207798	-481.0337724	1.925305704	13.22591559	-11.30060906	1.555929924	13.32712088
Commelina benghalensis	inv	1	1	3.179104934	1.8844	0.349065782	261.2779803	12.251917	8.9847197	22.78361306	26.21078871	19.04603723	1221.196825	247.6920635	17.1031746	82.85882667	626.0396825	67.5952381	316.952381	235.8142857	11.00098063	58.17926895	292.528918	32.58731907	12.37487365	20.21244538	24.04522139	20.62246436	145	219709.7021	8.070480294	37.25537369	0.635004532	3.937418563	2.073602825	5.818182364	-417.9507938	-67.70396862	-8.972222229	5.197698334	-166.4563492	-34.8333333	-193.5753969	-78.99285685	-0.854221281	11.61061054	-151.404383	1.807125284	7.403697774	-5.59657251	2.865559081	5.989175913
Cosmos sulphureus	nat	1	0	1160.505818	6.85	0.74201781	230.5201926	12.453262	8.305646625	22.0382374	24.55079253	19.21824893	1109.673973	231.969863	14.20821918	94.99286791	615.9808219	54.55342466	390.1068493	113.2438356	13.95006718	67.90064406	219.8543026	32.32502689	11.20795619	21.11707078	23.70659477	21.15376832	142	89977.79046	9.362025968	11.54868964	0.66118048	3.007776886	2.105970708	3.840446823	-221.4710785	-62.66551651	0.052650387	-21.83092041	-174.1402411	-0.307047293	-193.440181	32.33587559	-3.595719458	1.213546252	-71.48232306	0.490915047	6.532623496	-6.041708534	1.848235864	3.317970824
Crotalaria retusa	nat	1	0	75	21.918	0.866	233.4282876	8.744569	8.026676857	26.23274147	28.88249346	22.85239374	1485.641148	339.6507177	21.73684211	98.14190265	843.9138756	82.62679426	381.8899522	208.1052632	11.14555315	61.10813897	246.0811011	35.03334259	15.83300486	19.2003377	27.46159063	23.76439894	218	91839.72557	8.719880893	34.58744898	0.569191263	1.165983905	-0.049094912	2.981854586	-575.7235016	-124.9566002	-15.22703824	-0.537071942	-295.5727013	-56.71306867	-266.1252459	-50.39545856	-1.043200164	10.41615047	-124.1469897	-0.168244511	4.801112776	-4.969357311	-0.086753962	3.601679471
Cryptostegia grandiflora	inv	1	1	4593.138961	8.57	1.728839889	227.2329958	42.482089	11.91708839	24.48434435	27.34504788	20.65746989	737.0357143	179.4285714	7.321428571	100.6478321	465.6785714	27.71428571	419.9285714	34.57142857	13.89248661	65.94105203	281.7085939	33.80785738	12.69526829	21.11258902	27.31117902	21.38028104	144	321757.4134	10.05308457	48.96490694	-0.019819172	3.295955393	2.060946181	5.550278728	100.7537546	30.55388578	-3.602130347	3.505972927	61.55827228	-10.56516289	-326.7531332	105.5864653	-2.986858076	4.865774513	-152.8683289	2.196528521	7.797714172	-5.601185684	0.360750987	6.105537773
Cryptostegia madagascariensis	inv	1	1	3453.723252	6.57	1.842184881	227.5555995	42.482089	11.85162431	25.76459356	27.61830279	23.01321932	1124.846154	318.8461538	4.307692308	120.0286865	781.7692308	18.5	556.9230769	21.03846154	12.23716501	68.20554293	195.9578171	33.65938289	15.60606502	18.05331788	27.42930493	23.37801603	69	360811.5937	6.447264096	37.09534867	-0.256222602	2.581841537	2.059475014	4.143817779	-244.6128215	-98.02393273	-1.3188034	-15.2634271	-225.9025626	-5.333333365	-474.6564096	209.272647	-1.386702097	5.702947822	-92.54325155	2.482839193	5.752823991	-3.269984416	0.522917322	5.064576589
Cucumis anguria	inv	1	1	6949.840236	8.122	0.278315768	243.8540112	40.276677	8.874648641	21.72455428	25.0083101	17.14872877	428.0232558	106.627907	0.488372093	110.2358686	277.5348837	3.093023256	171.1162791	4.046511628	14.64183724	59.73437695	330.5389064	32.63497672	8.046418611	24.58855817	24.31075966	17.24018609	229	57206.35802	5.050410781	70.44848961	0.114780461	4.874270633	3.293826496	7.452695667	305.0280208	66.05585423	6.212482594	-17.30381275	152.7642605	24.90697671	-43.11627819	92.8081889	-4.059144937	9.348102868	-179.4571823	2.088954764	11.27922236	-9.190267761	2.733257452	8.89400185
Cucumis dipsaceus	exo	0	0	3797.968938	4.33	0.1	243.1681087	40.276677	20.88153518	23.03852054	24.62021765	21.22482981	692.4693878	138.7346939	9.204081633	81.5024425	314.3673469	37.12244898	205.0816327	87	12.26680945	72.49276539	139.0379145	31.75551021	14.72089802	17.03461221	23.64960542	21.77951007	68	60259.72122	15.8216027	19.82314083	0.503834974	2.631982046	2.840893536	2.214499913	-27.47997009	4.868480362	-0.389266861	0.458144354	43.99773122	-2.52456543	-64.70068021	5.37037029	-1.712841198	-4.957144411	26.83705249	2.131791398	3.520900916	-1.389109648	2.823057702	3.156821573
Cyanthillium cinereum	nat	1	0	389.71	0.177	1.35	233.376442	23.770757	13.51422105	22.52722929	26.37171083	18.05721977	1420.106023	265.7873275	29.60727729	70.81448623	694.8782936	109.7314931	455.3017566	212.8155583	9.972712658	53.6140897	338.4196444	31.94397909	12.12780828	19.81617081	25.04025435	19.20888458	160	427619.8113	13.91249453	10.00435267	0.73855192	4.087527648	1.675858803	6.838613726	-480.4601886	-67.16232366	-19.54477738	11.03741626	-187.2324577	-69.66899298	-306.5517568	-25.89888927	-0.172712646	17.38574269	-208.324878	1.953937349	7.818025041	-5.8640877	1.736828807	7.394240398
Cymbopogon citratus	nat	1	0	270.066583	1.3831875	0.681737209	256.1668236	9.538833	16.50825587	26.6857693	30.57994872	22.28564094	1243.384615	346.8461538	11.92307692	112.3293457	813.7692308	45.69230769	249.1538462	152.4615385	10.8315382	50.06976201	332.3309185	37.27446101	15.01692321	22.25753755	27.28646176	24.82215397	199	245076.4104	9.633027165	9.661940562	0.463228061	0.122621872	-2.206106241	2.813201605	-383.4957223	-149.2628205	-5.284188028	-19.80701764	-311.6303415	-18.98397454	-141.2094021	46.21901799	-0.541839222	20.18072738	-198.0265748	-2.674461108	4.820576689	-7.49503762	-0.462618913	2.070438697
Cynodon dactylon	inv	1	1	85.27	0.172	0.181	254.5788619	18.140638	9.057279155	20.26270857	24.06466718	15.87232651	735.0193906	138.4390582	10.43213296	76.0725259	362.1454294	41.32963989	247.5373961	109.7299169	12.67602769	58.67789205	338.5268197	30.79736204	8.415670205	22.38169182	21.45168676	18.50664289	420	76275.95776	5.471123138	42.70489555	0.562606426	6.658124693	4.536687699	9.156264369	67.11068799	48.69102189	-2.765466302	18.53040524	112.0334312	-10.97191633	-135.756908	12.29447421	-2.280160495	10.73020994	-192.9797779	4.155483511	11.48432965	-7.328846286	5.730697959	8.10121619
Cyperus esculentus	nat	1	0	912.4918213	0.158	0.355	257.8583746	4.984513	16.92608054	15.26684316	23.93384573	7.176089419	597.1111111	94.66666667	14.88888889	52.90687095	249.2222222	53.22222222	56.33333333	226	9.972276052	35.24119483	687.9308675	30.84590721	2.623129692	28.2227779	10.13268206	23.70436393	229	26075.47392	6.646996537	40.82405048	-3.462169586	12.92454573	5.802820947	19.54335486	267.3555515	119.4666677	-9.222222214	50.20300149	297.1444404	-28.98888892	41.26666781	-122.166667	0.497724024	36.42429589	-566.0690187	5.240759277	18.80020348	-13.55944486	18.04120672	4.355080689
Cyperus rotundus	inv	1	1	324.51	0.228	0.68	256.7414604	4.976443	9.050605982	19.19335376	26.03039758	11.8898138	1334.456566	231.1494949	29.88080808	69.48192965	609.8222222	109.1353535	470.2121212	218.0424242	8.90856546	40.25630616	577.9669064	31.35964293	6.698482615	24.6611603	21.86893097	15.79116081	292	194239.2668	7.939372346	35.67490843	0.304796084	7.604247136	2.3224644	13.17163398	-504.5171717	-41.06868533	-21.65858593	23.46984639	-124.9030337	-75.3070708	-337.4141419	-110.567677	1.419128089	29.97303333	-444.0134244	3.219144733	13.10151732	-9.882372427	5.144031948	10.55446215
Dactyloctenium aegyptium	inv	1	1	936.6368404	0.263	0.837	255.038688	24.441661	9.318075128	24.56956792	28.06913406	20.53795933	1187.121372	250.0712401	16.74934037	90.94925266	634.4076517	64.9828496	349.8377309	195.671504	10.7120723	56.22154979	308.7156957	34.21208426	14.03457024	20.17751402	25.53368551	22.62881493	232	340073.6768	10.14257448	41.17776444	0.471454568	2.397804911	0.562598638	4.470232858	-461.149623	-81.6051388	-9.992278214	0.507793266	-212.3285543	-37.33313212	-229.8857536	-83.39466734	-0.340415039	12.92414501	-159.928642	0.676616341	5.784921293	-5.108304934	1.773141226	3.924527842
Datura innoxia	nat	1	0	9066.682962	13.792	0.8	231.057082	37.54611	9.4519832	20.60645589	24.6226536	16.00668489	652.0614525	143.7541899	7.782122905	91.04724285	370.6145251	31.12290503	252.2569832	50.08379888	15.38473641	60.77908681	354.5493254	33.06662928	7.273282699	25.79334667	23.65042339	18.5610017	181	41956.352	6.680633335	12.52321065	0.374222349	5.234783307	3.135893524	7.471093035	-52.36914952	-10.77982999	-0.397507539	-4.971120275	-49.02477998	-2.199827958	-105.2569844	6.095688639	-3.928325999	6.888379279	-179.9539051	1.723114142	10.61902502	-8.895910603	3.182482452	6.086006899
Datura metel	nat	1	0	14832.84514	12.473	1.209915688	230.0544511	37.546376	12.52652445	19.30919437	26.08513128	11.29616386	1350.809524	249.75	21.91666667	76.21932843	674.6071429	80.58333333	621.4166667	93.28571429	8.577905263	35.6332083	607.3446902	30.64143047	5.796193686	24.84523678	25.11736781	12.35812939	227	156786.8027	9.244603262	22.63457854	-0.123066966	7.121476843	2.036164965	13.14087329	-634.3928597	-95.75	-13.66666669	5.687287149	-288.3571403	-47.16666643	-482.722222	38.43650868	1.429270699	32.85253491	-452.8173277	3.48079116	13.53436175	-10.05357035	1.993743352	13.29140754
Datura stramonium	nat	1	0	14738.85	9.18	0.796	230.8323663	37.5457655	7.961024191	18.61684146	21.19845238	15.55560964	876.8138528	188.6450216	8.961038961	94.84628271	503.7186147	34.96969697	294.0779221	51.93506494	15.09270232	65.60602799	230.5431769	29.85761036	6.72138097	23.13622941	20.26098484	17.05581599	188	67295.30573	8.685345164	54.24905486	0.239194601	6.801214095	5.977073182	7.70910504	-172.6877303	-47.36574292	1.750672723	-18.16349397	-142.6465417	6.156429307	-158.690535	100.0559254	-4.585720342	2.564332677	-67.75473567	3.675723028	11.38492524	-7.709202405	5.57415039	8.177667406
Delonix regia	exo	0	0	9005.416379	399.549	15.24	230.6051264	38.871912	9.232888666	24.28570503	26.06816924	21.71566597	1368.75	303.6875	21.625	96.19915247	787.4375	80.8125	650.84375	102.125	10.64687252	67.80942869	185.5316911	31.43818957	15.64999674	15.7881929	25.96852773	22.30788866	168	359996.6863	5.167014166	11.92939294	-0.408956549	2.009749515	1.881073529	2.681051192	-564.4166662	-129.5208348	-12.30681823	-12.95781305	-343.7102273	-43.11553049	-506.3285992	22.54166633	-0.31353918	1.019964522	-39.67267205	2.787567946	3.510609252	-0.723041423	0.661522838	3.604484973
Desmodium incanum	nat	1	0	4618.226326	0.97	0.284	233.5774779	23.031604	8.146178307	23.34215379	25.23576719	21.15101273	1752.134568	279.3802469	43.38518519	59.86764892	745.7345679	156.745679	455.0567901	337.8888889	10.25982643	67.93223395	169.2943949	30.91529792	15.41148374	15.5038142	24.24889478	22.1800693	422	96731.4473	7.498689251	11.73911812	0.535242758	2.026563131	1.737248823	2.242373477	-886.7060008	-115.6342142	-30.97248681	15.07889645	-315.4647264	-109.4758375	-270.7234539	-180.603174	0.335808485	1.598476178	-21.73956386	2.378353029	2.569468567	-0.191115742	1.616978371	2.768872426
Digitaria bicornis	nat	1	0	1239.160993	0.6836	0.431785463	254.6114448	13.072111	9.448456552	25.69966881	28.99747437	21.33107627	1026.369159	234.6962617	8.462616822	99.85155307	624.9158879	34.1728972	384.2476636	47.93925234	12.27677045	56.94370321	312.5516375	35.48990168	13.60739946	21.88250219	28.09669905	21.90065711	218	188604.7928	4.375505907	27.84632879	0.545127774	2.227166592	0.364628959	4.961384235	-297.3810673	-48.48197433	-4.343569172	3.87516011	-159.8563639	-17.12527835	-285.8905204	60.70360539	-2.105242759	15.05662485	-187.0485822	-0.001806393	7.685457579	-7.687264141	-0.013564191	5.985057085
Digitaria ciliaris	nat	1	0	554.98	0.563	1.14	254.5340516	13.072098	9.225723105	14.71276143	23.85667073	5.150134556	1393.773469	242.8816327	38.28979592	64.95675787	628.1244898	133.8693878	565.8428571	164.1020408	9.188732788	32.7791993	763.4003419	29.34383017	-0.559701192	29.90353136	22.31028397	6.202584257	144	56523.60806	7.426652146	89.92258252	0.089224326	11.29773243	4.004131658	18.66066796	-694.8845839	-81.52978066	-31.07683306	25.70219039	-231.6522693	-104.8416099	-434.8706351	-80.75944715	1.508952348	34.49857805	-597.8453344	5.111725219	19.06710862	-13.95538324	4.36517886	19.01547126
Digitaria horizontalis	nat	1	0	960.3074989	0.678	0.489167045	254.5752631	13.0721	9.345042407	24.17733959	26.20607442	21.89532044	1619.298578	269.7630332	34.75829384	69.67800262	728.4976303	127.6445498	425.3127962	306.1090047	11.06011864	68.01154671	178.5857754	32.41702235	15.65934285	16.75767946	25.21472259	23.02400268	293	790151.2335	8.506842671	5.44107635	0.524656377	1.05590697	0.794620212	1.070999001	-826.71525	-116.9088667	-21.50829391	3.075046749	-333.7892973	-76.54038403	-241.8336302	-181.7548378	-0.650917228	-0.543297388	-11.0617094	0.891310691	2.130240478	-1.238929512	0.444652483	1.533983464
Digitaria insularis	nat	1	0	469.1959087	0.45	0.805907442	254.3792262	13.072089	9.572443789	22.46379622	25.56813008	18.87025308	1236.062167	209.4991119	28.08348135	67.51096284	553.2326821	103.8028419	379.0763766	175.7353464	11.90147229	61.78417155	276.449275	32.04296803	12.07834188	19.96462614	24.57629801	20.16036781	293	434362.155	12.62999215	28.58694495	0.492054975	3.385674641	2.083986336	4.672868712	-538.9034363	-76.87212699	-16.01998926	4.283242694	-213.8914116	-57.02506395	-223.639868	-49.62423479	-1.429249988	5.603661912	-105.8273887	1.937190819	6.357372408	-4.420181715	1.84222056	5.008282951
Digitaria nuda	nat	1	0	774.5788113	0.493080769	0.40737401	255.3672277	13.0721	10.06867659	25.01554547	27.14569687	22.96563637	1230.606061	242.8787879	7.878787879	89.70349722	618.1818182	37.84848485	369.4242424	181.6060606	11.26854556	66.33906671	175.6674765	33.54218165	16.07721228	17.46496943	24.95349468	23.46505061	243	152874.2543	11.75428121	7.738712998	-0.302042343	1.158024827	0.902015735	1.075866976	-508.0080274	-70.52584558	-1.780748672	4.383579077	-193.2406426	-12.22103388	-237.8360072	-92.28253052	-0.345097862	0.767249129	-12.6911565	1.269583235	2.41004268	-1.140459784	1.788989133	1.997367609
Digitaria sanguinalis	exo	0	0	504.81	0.517	0.265	254.6675928	13.07211	12.9031594	10.47644835	18.35921752	3.001900556	771.6511111	90.46444444	40.87888889	25.05154127	249.5940741	139.2396296	188.5477778	194.117037	8.76963845	34.57130383	629.2680134	24.72888091	-0.871291845	25.60017276	12.12068065	9.628034417	292	141871.6447	6.156588535	207.4279045	-0.978360559	16.5671475	10.23059741	22.29069234	1.18221205	95.81333418	-35.28629631	71.41688617	217.6466638	-115.9248147	-60.08481489	-104.7281488	1.891009737	36.46613679	-495.2604898	10.27667445	20.78981012	-10.51313567	15.33178833	17.0475828
Drymaria cordata	nat	1	0	75	0.19	0.237187385	246.505726	140.225219	13.91256816	20.74389355	22.1771611	19.07568944	1892.077821	300.4241245	46.51361868	65.33893114	802.9883268	172.3540856	491.6848249	380.6575875	10.87023802	74.55036637	128.2234596	28.16637826	13.0230208	15.1433575	21.47760963	20.00270911	240	238.397744	9.493450329	8.086509584	0.389494455	3.906427089	4.105744776	3.586276444	-1027.231672	-135.9113042	-33.89823414	4.615880547	-379.1934566	-121.5335731	-371.4027723	-132.9139974	-1.314041327	-5.538357701	21.50488028	3.874647339	5.120568805	-1.245921501	2.93264683	5.08318819
Dysphania ambrosioides	nat	1	0	1201.25	0.264	0.528	245.85957	87.322186	9.808820494	20.75278877	23.36614844	17.80402982	1238.866972	221.5344037	29.20412844	74.07201222	587.412844	102.0963303	375.2087156	193.9862385	12.33630467	65.45370903	229.1551648	30.18198547	10.82767858	19.35430688	22.28321769	19.50847912	244	430578.303	6.335364425	35.81755484	0.551949352	4.872067685	4.160767312	5.691468208	-521.6198464	-53.12635853	-22.77884113	18.63975498	-172.91859	-75.94115784	-245.3581405	-118.4057792	-1.56973383	1.449075709	-65.70521924	4.016290495	7.240712246	-3.224421958	3.886609898	5.32054375
Echinochloa colona	inv	1	1	675	1.641	0.8	255.4519371	19.331767	9.809359628	16.81879595	25.25235014	7.417741156	1213.990291	218.8252427	21.91262136	71.25426002	583.4563107	79.46601942	539.9514563	89.67961165	8.906911734	32.04468522	727.1089386	30.37064549	1.778128121	28.59251735	23.79704266	8.555892904	222	301702.6109	9.555641126	152.0494647	-0.125366782	10.27371533	3.555007158	17.75222897	-463.8957	-38.51443201	-16.15586461	24.96993397	-134.1049612	-55.37592937	-427.7127174	15.07714547	1.630963647	36.77621289	-578.654607	4.840165253	18.05835828	-13.21819324	3.542897281	18.18697493
Echinochloa crus-pavonis	nat	1	0	556.5786614	0.4956	0.912562981	243.338353	28.388399	9.721040346	20.60540832	24.50763854	16.36547932	1181.043689	196.0048544	27.74271845	66.08321409	522.7378641	101.4029126	333.8713592	195.0242718	12.45573493	58.9893276	333.1323529	31.53274144	9.324392694	22.20834879	22.56390716	18.47491195	230	162334.3268	7.700553657	10.25874007	0.67598712	5.400895023	3.136805852	7.610161785	-402.171889	-28.85100822	-17.28118017	18.58559066	-98.66094335	-62.32598943	-193.8457161	-73.10119477	-2.230307709	10.18976422	-182.3105864	2.346745815	9.637145547	-7.29040021	3.894212307	7.017823248
Elephantopus mollis	exo	0	0	5227.04	1.17	0.112	230.3556423	3.195622	7.808586332	21.82455791	23.87541444	19.51032792	1763.819263	273.4565993	48.49821641	57.92972253	737.5802616	173.2996433	476.6373365	324.411415	10.60636094	67.80452323	180.6739363	29.69372026	13.49177771	16.20194255	22.86871191	20.34106751	244	10018.70029	6.662288118	27.02237589	0.585588342	3.060134112	2.60538266	3.483391765	-786.7467961	-78.87688903	-34.87502809	19.25429199	-224.6889566	-121.8068896	-281.6155979	-76.65054494	0.341163299	2.073458368	-36.50037132	3.333815841	3.788657088	-0.454841264	2.387326717	3.818956508
Eleusine indica	inv	1	1	769.08	0.367	0.303	254.6384594	19.490217	8.982552896	19.28082102	24.64212029	13.68723083	1358.09434	249.5834543	25.50507983	72.44588893	637.8896952	96.52249637	455.1654572	234.0682148	10.20402963	51.53663311	447.6931157	30.58020769	7.57467972	23.00552793	23.09240837	14.52144483	126	175823.6672	7.522864809	38.89655236	0.377142858	7.597388838	3.888126567	11.31560874	-500.0276736	-58.09456505	-16.17915395	16.16481605	-149.6378441	-58.9595335	-337.8617537	-37.26821377	-0.030079041	17.7039356	-302.0164578	4.090162667	12.32754243	-8.237379658	3.731542209	12.28682675
Eragrostis cilianensis	nat	1	0	94.11	0.07	0.222	257.1971324	20.604433	15.37732937	15.10210058	21.87473432	8.342121979	781.08829	125.2351301	25.01208178	53.09864735	326.6087361	90.74535316	226.2583643	147.651487	10.64559004	42.96223484	554.7528428	28.61002218	2.661139379	25.9488828	16.82975743	13.89914953	217	102917.12	6.103631518	68.33868087	0.636959547	11.35030442	6.471065145	15.85950412	-152.7143052	31.44779728	-20.19094362	43.74436204	52.4644343	-70.68031256	-119.1526733	-86.57831605	0.179409913	24.05605422	-385.8969086	6.434693236	16.19495833	-9.760265001	10.29016125	11.68526772
Eragrostis ciliaris	inv	1	1	675	0.02	0.671	254.7021394	20.60443	8.90755853	25.50018599	28.84118726	21.81728171	791.9130435	177.7237852	6.621483376	92.53790878	444.140665	28.84910486	198.1841432	166.6675192	11.48733581	59.15373128	288.5257425	35.37167146	15.15233845	20.21933301	25.07513327	25.81734908	244	274958.1885	8.879283775	18.72963015	0.430793072	1.13024006	-0.516742879	2.779977536	-76.08193305	-14.6971186	0.956294436	-3.221333766	-38.1762212	0.999784059	-78.96192106	-39.96974152	-1.098113567	9.585426033	-135.4929063	-0.722338037	4.310328192	-5.032666318	2.033163015	0.436428797
Eragrostis japonica	nat	1	0	1106.108064	0.015	1.65	255.7106287	20.60443	10.96035764	22.69996989	27.38768647	17.42697724	1161.511041	260.681388	14.55205047	98.11449807	662.2082019	55.50157729	393.3343849	111.8485804	11.26854829	49.96359651	407.3707537	33.84853518	10.2348861	23.61364907	25.05713065	18.91203155	422	139058.0859	7.92308647	8.093423047	0.807440784	3.963278173	0.889236782	7.38199695	-422.1264209	-77.47625883	-9.423845339	0.432537151	-207.8492318	-35.55285903	-265.2831021	-15.48960628	-0.379659489	19.89260994	-265.323506	1.041208916	8.995882983	-7.954674573	2.091587227	7.171729077
Eragrostis pilosa	inv	1	1	1099.976663	0.049	0.212	254.8188951	20.604433	9.208127462	11.78947382	20.88554279	2.427839632	852.7377911	135.7167543	30.79939895	51.15769179	355.637115	107.1006762	284.2524418	147.9120962	9.917585029	34.94297664	753.219076	27.34386801	-2.966986388	30.31085436	17.0430175	6.824481784	230	137076.1134	4.874497974	107.7834362	0.684174689	14.65026801	7.30549049	21.96426577	-118.2173251	34.1487436	-23.44267374	39.79918781	69.32194759	-77.27611488	-158.6910381	-32.01151061	0.584705421	33.36466082	-596.9331889	7.301746116	22.14593375	-14.84418787	9.974916267	19.07366647
Eragrostis tenella	inv	1	1	271.0055748	0.101236047	0.192232232	254.609265	20.60443	8.946641581	22.92280052	28.13368567	16.93638047	1685.931034	357.0275862	31.7862069	88.90420602	907.9586207	114.537931	641.1655172	190.5448276	8.786572124	42.27070386	456.2247875	33.34616779	11.25695802	22.08920977	26.16926727	19.26659667	157	200487.0431	17.38108082	51.14338589	0.554333788	3.532925959	0.144433871	7.296354559	-987.1977013	-199.9045085	-23.35543766	-2.671783822	-517.9073413	-81.03023881	-509.5655177	-85.65764789	1.71889799	24.96461777	-288.9616039	1.383063115	7.800477907	-6.417414876	0.922784101	6.461095659
Eriobotrya japonica	nat	1	0	12693.05	1443.803	6.082	244.1310211	197.923438	13.71245735	16.16365433	25.20065374	6.524405641	1388.003861	236.7027027	33.3011583	63.5024375	621.3938224	119.7915058	560.8262548	133.0656371	8.298466252	29.02517888	761.107457	30.26720012	1.310935272	28.95626487	23.2027081	7.647760345	192	127943.0328	11.17491947	29.22928722	-0.090997671	7.863528114	0.405695657	15.39543585	-554.0514771	-68.17889463	-22.82496794	13.73883775	-191.3462019	-78.79150579	-395.5881591	112.696267	2.442406813	40.62349295	-607.6961193	1.723276212	15.22239823	-13.49912191	1.236180718	15.89827161
Eryngium foetidum	exo	0	0	4086.547068	0.362	0.293289267	240.6709291	187.46054	16.58439796	23.59705979	24.79183284	22.22694839	2113.831643	324.0770791	54.52332657	58.12619465	865.4016227	197.7383367	495.0993915	461.969574	9.749519515	74.78270721	105.7988924	30.29318327	16.94843691	13.34474636	23.94132889	23.11220079	244	1026.942912	6.802563671	4.763973153	0.558051871	2.677940098	2.765309966	2.524639618	-1109.069741	-125.7437476	-36.76142233	15.0796633	-342.9254264	-135.214528	-341.0041532	-193.8743385	0.210004095	-2.524107797	12.25436622	3.140149176	2.675372907	0.464777083	2.284067949	3.105259573
Euphorbia tirucalli	inv	1	1	814.7025641	14.9	4.646	235.067851	22.63826	10.48870391	21.63955383	24.58131813	18.15768176	871.4794521	179.6986301	12.97945205	78.20343502	454.5924658	50.33219178	305.0719178	79.76369863	11.96753798	61.4581467	263.8151174	30.74268932	10.82621138	19.91647787	23.44984257	18.95574786	160	238072.4634	8.090782547	19.13426994	0.513936236	4.222001806	2.97779274	5.681207098	-196.0794569	-33.87196418	-5.392785423	7.357877847	-83.69913445	-21.66552506	-175.7919169	44.03630099	-1.426427027	7.829559755	-110.9142954	3.111977502	7.781788731	-4.669811034	3.068157158	6.298918655
Ficus benjamina	exo	0	0	1702.14	25	13.551	243.3884755	15.898709	10.51864518	24.45698138	27.78009367	20.56552864	1593.988142	311.7272727	33.70750988	83.75948561	814	123.5296443	477.7549407	199.284585	9.980807105	56.49257547	291.3158949	33.50697764	14.49836173	19.00861596	26.16352268	22.34459269	118	337267.1959	6.923696545	3.951322908	0.776845271	2.70313754	1.176255837	4.712249168	-835.9405218	-126.8701288	-28.65989091	16.61436398	-349.6190534	-99.05345425	-352.659703	-151.04649	0.830701074	11.47432549	-142.2431333	2.193023124	5.234971588	-3.041949331	1.314254526	3.857788444
Ficus microcarpa	exo	0	0	2209.782222	0.33	10	241.588023	15.89871	13.77562662	23.10068505	26.62634455	18.92362876	1902.532808	340.5800525	48.69291339	68.31717214	899.1102362	172.0787402	667.2493438	255.167979	8.258086011	53.49950977	315.9578436	31.27043868	13.99569996	17.27473874	25.60581907	20.16311894	208	432834.0521	11.99005762	8.550671864	0.257010334	3.864989212	2.081591873	6.197799864	-1239.532817	-192.913384	-44.16910388	23.19610355	-519.7769036	-154.0787399	-518.0112506	-191.453693	4.064533019	17.37795343	-169.8391815	4.605751508	4.490014271	0.115737754	1.613228475	5.824182755
Gliricidia sepium	nat	1	0	675	102.534	19.81	231.0478077	115.262924	19.8576647	24.6887422	26.55144376	22.53551728	1587.471655	302.9387755	21.22902494	86.63530534	798.2131519	78.55782313	420.5578231	200.6712018	11.62592362	68.83673299	165.2127922	33.119697	16.02145004	17.09824697	25.57511964	23.88540574	126	198522.2902	7.848280793	3.830462384	0.140108513	0.603321106	0.514429252	0.450197224	-842.6621373	-178.1292521	-4.60997737	-24.77421972	-471.498864	-18.74829968	-258.8911557	-32.14739047	-1.394971354	-1.435919478	4.943582046	0.075541118	2.011883325	-1.936341954	0.174086902	0.991578989
Gomphrena globosa	nat	1	0	1926.858362	5.05	0.405297503	245.2179126	16.748802	12.31060107	21.96606712	22.9385334	21.00400047	1808	324	9.8	81.71878815	824.8	41.6	346.6	344	9.346800232	75.63169708	78.65793457	28.45200043	16.05280018	12.39920025	21.99693336	21.57906723	243	53413.96582	7.331979815	3.950993043	-0.102995142	1.876467657	2.527439022	0.822388124	-974.0833282	-165.2083349	6.283333254	-14.86063957	-415.7583378	18.69166579	-157.7666675	-213.5	0.436185932	-7.862731838	72.74399433	2.843832684	0.730533123	2.113299441	2.505150175	1.593849421
Gossypium barbadense	nat	1	0	12584.12599	124.367	1.342	239.7713546	38.320167	9.280992209	23.56665346	24.51323976	22.57417965	1722.977273	227.5454545	86.34090909	61.12723637	618.1931818	282.2954545	490	362.6818182	10.03845729	81.26811188	80.7845864	29.796964	17.32466877	12.47229526	24.03616694	23.05660928	232	19301.20602	5.438091691	11.18811131	0.421566106	2.775310992	3.576045815	1.78415353	-978.9058354	-70.09307341	-77.98376625	22.73366206	-213.3598449	-247.6049781	-339.333334	-224.2294366	0.831979315	-12.30247903	74.60323644	4.891130961	1.541997688	3.349133445	2.911055362	2.499343197
Gossypium hirsutum	nat	1	0	6075.361125	75.439	1.82	239.4480401	38.320167	9.73952451	24.49095033	26.80632632	21.78998415	1217.602339	240.5409357	15.71052632	86.45172415	622.4473684	59.25438596	355.622807	133.0497076	12.55275706	67.20800644	206.7572132	33.80673183	14.76006928	19.04666255	25.92432844	23.46934728	155	48978.49754	11.13643578	12.07839529	0.43986365	2.300449332	1.623801854	3.236084387	-431.5382405	-53.84862798	-10.00539816	11.28808181	-149.1653156	-35.2287448	-226.3663971	-49.52406559	-1.677650196	3.103015218	-68.34990493	1.215063221	4.683520448	-3.468457262	1.226953649	2.614199647
Hedychium coronarium	nat	1	0	14633.85487	13.69	1.314839324	262.2977631	95.377311	11.45299823	22.36272153	26.74355053	17.39944774	2086.828025	478.611465	24.75159236	88.65489933	1188.477707	95.23566879	699.4267516	351.9363057	8.465005689	44.25407074	382.8547929	31.76156739	11.80681294	19.95475442	25.10028302	18.92413614	216	166957.3509	13.49484107	4.479329383	0.548906262	2.624315816	-0.433365411	6.251478527	-949.8835675	-222.5003505	-13.30714806	1.322910576	-535.1443737	-52.62455715	-525.0378658	-96.93630192	2.076660977	29.3323703	-276.7001121	0.688433056	6.115408879	-5.426976274	-0.088245744	5.762900692
Hyparrhenia rufa	nat	1	0	475.84	0.3	2.5	254.1063752	5.923606	10.26753804	23.63767323	25.62518426	21.51820202	1220.528827	240.7693837	11.1471173	85.12474	631.2982107	48.32405567	338.0636183	256.6441352	11.56717603	66.80914943	170.530355	32.28970598	14.67419881	17.61550716	23.85339687	22.36124477	244	87961.23136	8.433070186	11.49966588	0.493206843	3.989826666	3.391853068	4.657723938	-263.9954978	-2.836049347	-4.613784042	18.55701176	-32.09821074	-24.01294479	-221.3747277	-139.3996891	-1.711435294	5.015584051	-56.8663301	2.701405392	6.512467811	-3.811062596	3.845862438	5.315422002
Indigofera hirsuta	exo	0	0	1194.995326	2.19	1.52	231.2866086	128.431319	12.34991012	24.81611	27.91230803	21.10316049	1257.526395	262.8295626	15.46304676	87.9716536	684.5580694	59.82352941	425.5128205	168.6606335	10.86757032	57.97756482	278.7081938	33.88759366	14.52471175	19.36288191	26.66128576	21.9943646	160	384964.3295	8.849758634	22.64131837	0.666613852	2.939160449	1.309059632	5.044987774	-364.5862237	-50.04323826	-8.010055259	7.560814563	-147.087984	-30.02865759	-300.9658112	-43.0025137	-0.863296819	13.47850522	-153.6454322	1.294457682	6.555630079	-5.261172446	1.262930976	5.676860291
Ipomoea batatas	nat	1	0	9050	48.06155082	1.98	227.9698519	19.687487	16.06783383	23.2398695	25.00072046	21.13413672	1864.611905	331.1357143	30.83571429	76.24275673	864.4285714	114.3428571	451.4	275.5690476	11.15499663	69.02874428	158.8168607	31.40508513	14.94975981	16.45532535	24.06330333	22.4415542	422	335274.2789	8.147377676	9.315974025	0.31165421	2.633047197	2.337473908	3.099544122	-890.0077445	-120.9690473	-19.5440476	9.784148449	-324.3244054	-70.8428575	-309.0250012	-46.31904535	-1.128607861	1.84179014	-32.26242182	1.926164586	4.118990396	-2.1928256	1.728016157	3.478584639
Ipomoea nil	exo	0	0	6151	36.267	1.5	230.2184653	15.463932	7.770093209	22.76512156	25.58395988	19.71688283	1251.035346	222.7098675	25.80265096	75.69600185	584.544919	92.74521355	372.4712813	175.7540501	12.05163966	64.99224312	241.2972186	32.16295918	12.93009564	19.23286354	24.51865602	21.12966469	229	709081.9564	7.90286526	60.8014689	0.508695326	3.094363234	1.995289865	4.058948132	-524.1493066	-64.04605007	-17.37814958	8.326290616	-183.1232656	-59.06430188	-255.2462105	-30.17570248	-1.824407946	3.220788448	-83.68304057	1.657553832	5.837995556	-4.180441855	1.644544406	4.58909124
Ipomoea wrightii	exo	0	0	1148.037937	48.06155082	1	226.9603009	9.303935	28.15879	20.31887498	27.08753063	13.00407044	1252.478261	168.2934783	54.2173913	39.87460785	446.3152174	186.9347826	310.7282609	269.9347826	12.05003505	47.37351998	573.6093912	33.61084146	6.08135193	27.5294894	20.58637131	21.52792182	189	299493.8839	4.670841054	44.93908981	0.328831159	6.037606444	1.102098985	11.17759619	-567.7449306	-14.38236834	-47.53961356	46.76842982	-61.19299246	-158.5570049	-176.1727046	-190.6347827	-1.097257343	19.97978355	-408.8841557	1.225824964	12.47531476	-11.24948938	6.296036193	3.936337522
Jacquemontia pentanthos	exo	0	0	3485.131906	4.9841875	0.741611242	229.9040581	20.005468	8.048972796	24.5167313	26.65255334	21.97048569	1368.142857	240.2285714	27.6031746	71.65063877	635.9238095	100.9206349	405.9777778	204.4761905	11.70093324	68.16729923	193.6277932	33.12289721	15.45887195	17.66402531	25.89865027	23.14711977	292	552387.9363	24.34437331	45.68552857	0.434151383	1.352387773	0.959859084	1.806841619	-648.2239374	-78.95529799	-20.08365512	15.49974831	-229.6355226	-70.63234661	-281.6654657	-91.56027419	-1.234616971	0.042657207	-36.01949561	0.875301037	3.134521424	-2.259220576	0.562610927	2.323150615
Jacquemontia tamnifolia	exo	0	0	2971.987184	4.239	0.648052303	229.5614919	20.005467	8.626171001	19.8277937	26.46511648	12.72504687	1436.737401	185.5888594	64.47480106	33.48891605	502.6352785	225.1870027	372.4801061	348.3129973	12.2162056	48.30017812	559.0673507	32.95835397	5.883147238	27.07520673	19.53343557	20.64243002	239	677248.9585	7.189963472	45.15056225	0.621715709	7.735910087	2.48080955	13.5031014	-479.0040753	36.30003269	-59.25257884	62.32357327	67.00917034	-202.431447	-254.8801053	-108.7796623	-1.714353725	24.76758489	-446.739199	2.106090505	14.6790748	-12.57298441	7.815453337	6.849421655
Kalanchoe pinnata	nat	1	0	8631.205642	0.060076	0.557333516	250.869746	187.1540707	9.715007963	22.74974889	24.48551515	20.37802392	1478.961538	332.6923077	23.15384615	93.15274341	839.8076923	88.15384615	676.5384615	116.6538462	10.89376958	69.44461602	173.7212102	30.11496867	14.38860145	15.72636718	24.33308044	20.91641613	184	522817.6015	7.160224941	12.00922614	0.28273438	4.20243388	3.997024431	4.889436496	-541.6758329	-127.0256398	-14.27289395	-3.787273344	-305.998171	-53.65384629	-555.276557	140.7032983	-0.581864907	1.23917391	-41.35903574	4.482650799	5.482826767	-1.000176749	2.291919834	5.906599626
Lantana camara	inv	1	1	1042.65	8.01	2.785	226.2652981	8.787991	7.523069499	21.72376157	24.72076512	18.40096366	1407.13112	228.1979253	39.3340249	62.1934708	604.1452282	140.8908714	394.1497925	257.3983402	11.41109854	63.47074331	259.4860437	30.9951212	11.97256128	19.02255991	23.3883594	20.0822158	292	265679.2248	13.45663028	149.9463568	0.723595061	4.152621306	2.852295186	5.430142717	-646.4816932	-61.36890205	-30.78373758	23.30184577	-181.215631	-107.2213313	-251.2201951	-125.4629947	-0.97013826	4.907488282	-105.5679112	2.904447853	6.594105403	-3.689657614	2.927948099	5.293718159
Leonotis nepetifolia	inv	1	1	2467.842791	1.337	0.853285104	226.9832087	57.151536	7.605968292	19.32966378	21.06944622	17.0723051	928.8644068	175.4745763	20.6440678	73.66433787	429.0677966	80.3559322	263.3728814	147.9491525	12.94058197	71.70525108	165.3722035	28.55206784	10.0031186	18.54894931	20.30546896	17.58715259	245	230308.0858	6.4308837	75.80305065	0.404544039	6.873947342	6.929146356	7.066583758	-196.1310726	-14.50568742	-12.97295671	12.46529032	-21.6589105	-49.20482115	-133.8751031	-24.74915259	-2.063804249	-3.280666119	-7.160098605	6.019487643	8.651992416	-2.632504884	6.201419846	8.137143798
Lepidium ruderale	nat	1	0	63.91	0.198	0.153	242.9173739	14.022192	11.41871327	9.387577793	17.26178682	1.787112264	750.6794872	86.5534188	43.14957265	22.20886085	238.6723647	144.230057	210.2884615	174.1730769	8.322784433	33.43625605	633.0209407	23.3118641	-1.806317758	25.11818189	12.41825772	5.819457624	215	42285.10515	5.958562137	78.28036306	-0.287779627	14.90587461	8.68583248	20.19463386	-59.86996046	48.20848632	-31.05433454	48.85911488	102.5657248	-98.27767585	-44.57417473	-60.36355348	1.901421946	34.74867176	-467.2722093	8.792898111	18.90631787	-10.1134206	12.69364724	17.82022515
Leucaena leucocephala	inv	1	1	49.07	43.478	3.204	230.4467521	51.406765	7.623887045	22.99584967	26.59096737	18.96216319	1031.718593	193.3551089	23.38525963	76.36709517	502.6231156	85.37855946	338.1005025	127.1892797	12.63375409	60.18619317	313.8684638	33.45603428	11.79546875	21.66056552	24.9680115	21.48857207	229	172848.6932	14.58073073	29.04424991	0.613858362	3.448339789	1.443612937	5.674117958	-181.8682512	-1.239462983	-16.05192636	14.87361963	-13.8067906	-55.85474998	-204.5698907	25.73588959	-2.156599907	9.534489478	-174.3776831	0.894305569	7.430381507	-6.53607581	1.772011194	4.680248642
Leucas martinicensis	nat	1	0	2328.973477	0.42	0.494522019	225.6153921	57.1512476	12.13270623	20.26630091	23.29055073	16.55145753	860.4673913	169.3369565	9.739130435	80.88288954	433.1413043	38	301.7717391	95.60869565	12.76040221	61.7900508	279.2255317	29.66421111	8.537080702	21.12713039	22.26478575	17.03142863	293	92606.93094	9.106565989	20.5876317	0.386706089	5.758004611	4.56980274	7.239198994	-208.0431498	-25.62483647	-3.314887982	7.285186715	-66.15645216	-9.499999848	-195.0899203	5.845849282	-2.261538684	5.364896831	-112.5967801	4.616091981	10.14473731	-5.528645531	3.905163959	8.660490526
Macroptilium atropurpureum	nat	1	0	3330.085531	13.282	1.21	232.9900647	12.347622	8.202838188	22.53291502	25.22585783	19.47416472	1079.752669	212.4217082	16.29181495	87.69701217	554.9145907	60.22241993	330.6405694	117.3558719	12.93588404	65.67114837	236.1741384	32.43807732	12.22611042	20.21196689	24.30817852	21.35550324	97	450341.6668	8.578891755	15.46920333	0.623928701	3.979264498	2.910466975	5.111305255	-247.5347184	-35.19093778	-7.04822516	-4.149137574	-97.83766943	-22.69677849	-183.0892875	49.05438523	-2.722849994	3.79074486	-89.93125925	1.795255978	7.199530348	-5.40427455	2.409556624	4.932744529
Malpighia emarginata	exo	0	0	2429.490385	13.775	7	235.7011675	18.950048	17.77981642	24.70076185	26.75962335	22.3428506	1325.41958	232.5314685	25.68531469	73.25715716	612.9090909	96.18881119	367.6153846	262.6433566	11.13120402	69.09226643	183.1203698	32.77959258	16.12836088	16.65123172	26.02869225	23.59669951	111	560057.1556	9.220746169	5.522267568	0.739214625	2.332319033	1.970679983	2.961695064	-490.7226144	-30.9860126	-20.5337995	26.62808842	-96.30303678	-76.2494171	-243.9487174	-135.9766884	-0.571102949	0.419067383	-44.86561735	2.429498779	3.814063372	-1.384565047	1.222823056	2.977037723
Mangifera indica	inv	1	1	7854	14368.217	18.113	243.5509941	33.344339	8.516001886	25.88087665	30.02137443	21.42529551	1492.798851	418.2787356	4.896551724	113.3050667	998.9683908	28.97413793	292.1982759	258.0833333	10.7824812	49.79574571	345.637471	36.90803722	14.23532523	22.67271202	26.73031976	23.73404377	293	129977.77	7.16216217	23.69372531	0.497376123	0.244663505	-2.321683027	2.910661385	-636.9932967	-232.760218	5.659003772	-26.36403843	-522.8387623	11.50734369	-155.5130904	-106.9537041	-0.608098448	19.92960743	-207.1207507	-3.046926219	4.958193167	-8.005119446	-0.365350615	2.229227797
Manilkara zapota	exo	0	0	2211.859994	126.74	21.524	243.6043876	6.417373	9.240270137	25.09102202	27.07126678	22.61898716	1588.592593	285.537037	28.36111111	74.58064541	746.2623457	103.058642	418.537037	210.1358025	11.58931999	67.00291554	183.7762341	33.73282737	16.30036785	17.43245952	26.16839837	24.22147765	231	24539.14419	10.32792404	3.776002408	0.318064296	-0.02931548	-0.535552495	0.642917693	-675.7354585	-113.1084689	-12.6944444	-6.196645447	-299.5956805	-43.43959413	-247.3941788	-10.94532265	-2.22066914	2.381732379	-48.16066949	-1.599494441	2.223441585	-3.822936016	-0.881096624	0.753918646
Megathyrsus maximus	inv	1	1	1514.534557	1.008141649	1.310205996	254.5181786	28.3884	8.83496085	22.12897574	24.79024863	18.8249197	965.5827633	182.5731874	13.47058824	78.35072757	473.9384405	54.17647059	322.6183311	155.1586867	12.1082367	63.891934	247.6915114	31.1149228	11.64939579	19.465527	23.90531529	19.47593197	259	242890.8175	7.669828643	28.1797891	0.505692296	3.864788471	2.821429434	5.213402284	-129.3378672	-8.307880358	-2.001200475	1.480772188	-23.57109604	-9.122048628	-169.4482629	-24.5872573	-2.101774091	4.987464113	-100.2487552	2.5340567	7.381216357	-4.847159646	2.422575923	6.11715194
Melia azedarach	nat	1	0	981.75	1067.226	12.198	243.6443836	93.484964	8.525970763	21.8196554	27.31028552	15.95028482	1635.433594	323.8320313	36.0546875	78.80203325	809.0546875	132.1953125	476.2421875	230.5234375	9.569752457	45.88256782	463.0101277	33.29035593	9.889811409	23.40054455	24.90923781	17.84497978	236	52626.85389	6.440571706	17.53309573	0.685925255	3.582556606	-0.166664213	7.361855113	-847.569397	-171.3628947	-23.64728028	-2.838480912	-410.32629	-85.18296697	-298.2915719	-101.1036841	1.019856584	21.82783689	-305.6095165	0.217051366	7.952163909	-7.735112468	0.876976175	6.872304174
Melinis minutiflora	nat	1	0	848.58	0.096	0.758	254.8202375	28.388399	9.463278973	20.43630252	22.11225204	18.37478446	1414.553333	256.12	14.73333333	75.62280867	678.5866667	64.04	404.0266667	285.52	10.99273559	68.76655983	155.5048585	28.33134669	12.05634555	16.27500111	21.1268919	19.0719917	235	3175.819264	10.21536604	11.28707276	0.335270963	3.389024404	3.426963723	3.247437995	-589.5141236	-108.0611751	0.443137115	-6.686954378	-289.0376483	-6.687059104	-199.1247053	-155.4023523	-0.344042813	-1.173322121	5.191040149	3.558849269	4.131889616	-0.573040437	3.368859987	3.844675
Melinis repens	inv	1	1	369.69	0.303	0.55	254.5506095	28.388399	8.802120379	20.1870772	23.51929931	16.07490683	756.3077905	143.0063857	9.001277139	79.67434009	379.6756066	35.11877395	249.6002554	108.4572158	13.18651271	60.5380582	309.2163244	30.33898741	8.051180253	22.28780717	22.23084922	16.88672175	166	83957.83373	9.879377894	128.3240507	0.597987322	5.514007253	3.881537832	7.551653326	-2.339756458	23.19681006	-0.72730457	7.847838316	42.32667632	-2.80370543	-93.54089465	-0.107901042	-2.62338488	7.814143678	-154.7029221	3.459642713	10.22735856	-6.767715874	4.044264879	8.083902288
Mirabilis jalapa	nat	1	0	2048.684162	69.698	1.5	246.5205432	86.020247	9.23009005	19.95770771	22.78416439	16.60757078	976.45629	202.4200426	13.62686567	89.76447282	528.4754797	50.21535181	326.7334755	76.01918977	14.4478427	64.26314985	253.5120409	30.94333657	8.245739675	22.69759695	21.76281849	18.46044191	244	56642.18317	5.828814373	19.95567852	0.372328588	5.084836201	3.643905881	6.753247882	-21.19313208	-5.034079204	-1.644409565	-8.322649759	-18.77372804	-3.864474427	-173.4352275	166.5422126	-4.229714147	6.544872301	-126.9092787	1.549645489	9.768295299	-8.218649715	3.403848142	6.668797628
Momordica charantia	inv	1	1	3019	62.303	1.225	244.0202449	53.597432	8.134379318	24.55882435	27.51023415	21.1347604	1443.714964	287.7577197	18.11163895	83.55354767	733.1686461	74.13064133	425.8123515	216.0142518	9.765358404	59.10928345	260.0881026	33.32330457	15.2728927	18.05041188	25.74391934	22.31546099	244	182174.0892	13.39551973	42.58765667	0.477331853	1.733478027	0.4620663	3.19646029	-653.2806909	-114.9736817	-9.031826791	3.336686768	-293.4832003	-38.60247225	-288.8311307	-79.98373551	0.710521903	9.859490833	-110.6266673	0.987023897	3.790722318	-2.803698353	0.846925678	3.538647013
Morinda citrifolia	exo	0	0	9050	14.99	6.09	227.5803497	34.637399	13.88002684	25.98415473	27.77774418	23.85786853	2093.855505	404.0206422	47.64220183	76.02784578	1047.84633	169.2155963	569.7155963	386.9747706	8.444008821	65.15195441	159.6738549	32.57628832	18.84568827	13.73060006	26.58686589	24.68269737	138	411616.4444	14.62628474	10.36950198	0.443542128	1.172054426	0.936307801	1.779713126	-1222.953545	-194.9422129	-41.15200582	21.4148642	-524.336527	-143.2352046	-466.2057918	-222.0139858	1.944226468	5.400473447	-33.59841497	2.368809543	1.266076361	1.102733405	0.482742124	2.302596752
Moringa oleifera	exo	0	0	1411.852597	239.255	14.6304	244.1744127	114.804664	8.804018749	26.41915742	30.79238239	21.59221484	1328.525862	372.9224138	4.224137931	115.8245711	892.6206897	26.56896552	256.862069	198.8103448	10.8898617	49.19260111	369.7533041	37.59921233	14.39662759	23.20258476	27.51192223	24.23725013	224	116244.2179	6.988576842	17.83857883	0.560163243	0.2834353	-2.440715683	3.310748163	-523.348086	-184.2001937	2.498084254	-21.17937201	-418.4762479	0.564367927	-127.9842915	-97.7103448	-0.202824569	20.34395959	-230.355399	-2.743656545	4.982261298	-7.725917992	-0.519329607	2.024416485
Nerium oleander	exo	0	0	1981.39	3.491	3.262	227.3480847	29.52849	13.85936464	15.91278983	23.21319834	9.047306541	765.3655589	125.496811	21.37562941	53.09192259	328.18429	81.77005707	134.0906344	215.1930178	9.794411042	38.58524301	581.5551926	29.9501639	4.177868908	25.77229497	13.74214209	19.66507842	422	174580.7606	5.682629155	51.1495422	0.575611306	11.12396948	5.301986949	16.39306402	56.21220801	69.45874522	-15.59785162	43.38148439	167.0823756	-57.370057	-33.60174487	-64.61523872	0.633552025	33.55029675	-455.8523247	4.77650236	15.99101995	-11.21451706	13.2893392	7.35862496
Nicotiana glauca	inv	1	1	5515.04	0.032	3.862	230.9951606	59.8247585	7.818589851	17.60827741	22.76287203	11.97836921	713.6704545	115.7045455	17.53787879	66.51493074	311.8636364	60.40530303	285.7272727	64.125	13.22121767	52.5831267	440.9787347	30.0372152	4.577676772	25.45953837	21.91358584	12.35583052	198	340301.6765	8.517907693	170.6078689	0.574747319	8.183260332	4.871835858	11.4777591	-131.6704539	14.95181199	-11.64784443	20.29700308	7.64839118	-35.70427194	-154.3389562	11.67912315	-2.460822456	14.54548778	-269.1181283	4.195087196	13.59517548	-9.400088224	4.711099154	12.55665512
Nicotiana tabacum	nat	1	0	9050	0.043	1.709	229.3529681	59.825239	11.04965536	19.28616668	20.13789897	18.26727276	1405.212121	195	52.90909091	52.8674567	542.030303	180.4242424	393.9090909	194.030303	11.78635353	79.74155542	78.1275629	26.42896973	11.55963629	14.86933344	19.60652522	18.49814148	292	469.138624	9.063462863	7.287312341	0.277715518	5.113138661	5.958767561	3.958838269	-615.6121334	-34.00000076	-43.04242435	28.64466374	-131.4636374	-143.7575758	-223.8090924	-67.83030303	-1.334409274	-12.32834207	79.61408749	6.021030079	5.353697218	0.667333334	5.594585621	5.200192264
Nopalea cochenillifera	nat	1	0	27884.43	5.449666116	1.142580506	243.2882305	11.822018	17.78491021	24.11748045	26.21870591	21.55023541	1280.588235	259.5882353	15.88235294	89.42104766	690.7058824	55.11764706	419.1764706	69.94117647	13.27849035	67.05545538	191.4500694	33.75882407	13.92611762	19.83270645	25.33756862	22.56733345	177	242195.7427	7.360524312	4.324949638	0.357448186	2.082519172	1.76351646	2.485319856	-352.5882353	-88.78823224	3.384313185	-23.0302243	-245.5058854	15.01568653	-290.3098027	289.1921548	-3.00849008	1.146137641	-25.58142624	0.394509215	5.160548491	-4.766039658	0.191320083	4.349333348
Ocimum americanum	nat	1	0	683.3857192	0.881	0.509286373	226.1059665	26.486808	8.503931413	22.17560024	25.36894157	18.25347483	900.9382022	196.2022472	12.62359551	87.42508929	481.494382	48.25842697	279.5168539	98.88202247	12.44599768	60.50209463	291.5651612	31.84923626	10.46267355	21.38656266	24.27896554	18.99707088	232	289718.0426	7.217579646	11.62722329	0.604623229	3.915927313	2.371891708	5.824025227	-144.804874	-48.70224605	-1.190262288	-13.12807419	-99.79437973	-2.925093975	-120.0335208	20.15131169	-1.87044221	8.370779818	-138.9302521	2.280763374	8.258992884	-5.978229452	2.555478885	6.469318013
Ocimum gratissimum	nat	1	0	5678.73911	0.972	0.803867371	226.555812	26.486953	9.209738286	22.50300203	24.68804695	19.90929785	1256.862816	255.3862816	15.64620939	82.09551715	628.7761733	66.92057762	357.1407942	196.2635379	10.90211454	65.72805128	195.9572343	30.74580728	13.52894547	17.21686177	23.50524033	20.86424091	243	294981.8614	9.551893322	18.15841208	0.474466963	3.914505297	3.383736771	4.524474187	-420.6610594	-80.56172052	-4.181297216	-0.549767986	-179.0568744	-23.98198129	-217.3425493	-22.49160706	-0.725871929	3.004272619	-45.35349124	3.405069623	5.739475556	-2.334405772	2.93642642	5.403449141
Oeceoclades maculata	nat	1	0	6804.974365	0.039834615	0.283	259.0491953	42.358034	8.950685116	23.75334988	25.12373352	21.84440002	1397	307.9	3.9	92.10415192	745.9	21.5	339.5	89.8	10.79150004	66.47795334	135.9256435	31.49239998	15.17919993	16.31320019	24.1185997	22.4925333	236	138563.1744	7.121818003	7.330718785	0.147861249	1.172421667	1.467007107	0.996217261	-489.414818	-131.2703707	10.20370366	-19.75299895	-286.3148126	32.36666667	-168.3370372	116.992594	-0.809833405	1.615391456	19.48095996	1.114266671	2.686726024	-1.572459475	1.116832479	2.355367851
Oldenlandia corymbosa	nat	1	0	75	0.39	0.077	228.4070966	24.687774	8.526589585	24.73258801	27.00743254	22.26865347	1257.68	266.6553846	11.91384615	88.38682691	665.5938462	52.93538462	296.36	244.1661538	10.93286101	64.45724494	194.0879095	33.43475695	15.69696862	17.73778834	24.98892338	23.44033346	219	230859.817	10.62319566	4.228007009	0.550314066	1.667085569	0.729168668	2.548340134	-314.0133345	-63.94950316	-0.404042242	-3.654317292	-146.9860024	-5.758913634	-137.5560786	-78.71517349	-0.677305433	7.843496589	-73.62501703	0.375046731	3.783423553	-3.408376495	1.677743211	2.833849479
Opuntia dillenii	nat	1	0	1060.29	21.92	1.039230485	242.9992951	11.82202	25.13881924	24.30272174	27.57416807	20.44198671	1040.408163	189.1020408	25.90816327	68.47232908	480.4897959	93.34693878	337.5	126.5204082	10.99843394	59.42208356	293.4462805	33.62724693	14.35777363	19.26947329	26.39093873	22.44560287	140	266207.2156	12.28130722	5.67434949	0.571720732	1.61563161	-0.028533391	3.390552852	-214.3843596	-21.72109098	-14.14625858	5.241446553	-52.46598676	-47.75170084	-171.4523817	8.074829569	-0.912918169	10.08378317	-138.4484369	-0.070104268	4.520797884	-4.590901861	0.255886652	3.023841537
Opuntia ficus-indica	inv	1	1	1060.29	13.63	3.04	243.841159	11.822018	10.66859888	18.1693978	21.47971236	14.31718891	644.3289474	144.9561404	6.035087719	93.92962926	380.1929825	25.70175439	247.6096491	45.38596491	15.88741232	63.38463214	294.2686162	30.32055278	5.084657186	25.23589565	20.43740257	16.5653175	231	152456.7572	6.339415947	20.14671495	0.260929632	6.711789117	5.235944097	8.377760674	5.004382266	-9.198565749	2.540669784	-13.66726305	-33.64753069	9.055821473	-77.06419527	33.34130781	-5.475543616	3.306988769	-126.4792201	2.703689444	12.31534269	-9.611653301	5.047950895	7.257914807
Panicum repens	nat	1	0	675	0.75	0.548	254.9505285	5.988304	19.57835166	22.30836427	25.70288362	18.58380801	871.2898551	172.9782609	8.557971014	85.26888159	441.8695652	37.83333333	192.1449275	224.3188406	11.3246241	57.80408558	295.1548989	32.10787674	11.89567467	20.21220209	22.08276954	21.77331959	219	570747.9777	6.710104988	3.541240305	0.560817668	4.911774594	3.139708934	6.80045121	-209.5120739	-18.08937156	-5.335748806	9.364695121	-50.86956013	-21.88888876	-79.1449269	-143.4299505	0.241579657	13.83704423	-155.2128525	3.636567793	7.643214257	-4.006646336	5.453341657	4.569273285
Parkinsonia aculeata	inv	1	1	675	109.858	5	231.7569418	17.037366	7.612074499	20.39910243	26.39774604	14.16678342	696.1474531	116.8114388	20.2922252	64.55580495	299.7399464	73.15638963	221.6353887	116.6577301	13.56858224	51.97733482	500.2082792	33.87224412	6.752356567	27.11988753	23.38065859	17.98098036	227	493715.8164	6.097242268	164.3539961	0.656447297	6.205385402	1.97527482	10.32422348	-27.39120499	34.69481136	-13.71305857	23.81127612	78.62463692	-46.00430622	-88.44580487	-33.94523024	-2.643078722	16.59319748	-341.1681245	1.120880856	12.26639341	-11.14551248	3.817466377	7.873776579
Petiveria alliacea	nat	1	0	7083.160566	13.54	1	246.6747822	142.881595	9.113346195	24.16791876	26.0925327	21.91982485	1597.737676	269.6778169	34.7693662	69.63497384	710.8309859	127.9137324	434.2869718	253.346831	10.87744431	69.26444618	172.6486547	32.08534817	15.85106375	16.23428444	25.19443595	22.96011838	293	404226.0808	8.866765206	24.09497694	0.70737336	2.336277867	2.030655697	2.814957702	-715.8318838	-64.35897588	-27.15342419	24.44084609	-190.2875067	-97.67460221	-315.5333484	-77.82509171	-0.422311488	0.260925616	-34.66364058	2.382042969	3.496762315	-1.114719322	1.367520664	3.413553066
Physalis angulata	inv	1	1	3628.889433	0.56	0.526217867	230.6056741	25.279264	7.813048483	24.00738656	25.74063527	22.1108153	1688.27896	253.9125296	47.8321513	60.83305389	690.9834515	169.4018913	420.9621749	362.7021277	10.48916855	71.55718672	149.9869992	31.55230391	16.26054751	15.2917564	24.88886738	22.95027802	244	756804.1574	11.58992722	45.07555271	0.554257848	2.583763283	2.430359602	2.630463751	-927.7130692	-76.1102045	-40.96393421	32.08142011	-245.3284123	-141.2778603	-306.0590746	-220.2292597	-0.093432128	-1.371996166	-9.580383921	2.907386052	3.298754844	-0.391368822	2.024052507	3.453791902
Physalis pruinosa	nat	1	0	2167.641004	0.855	0.6	228.7891311	35.133112	22.23786241	23.38031256	25.70378836	20.94092833	1077.824324	236.7567568	6.094594595	103.1979231	614.8108108	25.18918919	323.2162162	65.55405405	12.76294591	67.42841664	194.7690855	32.81856081	13.60000454	19.21855634	24.73854133	22.50075824	173	176038.7891	9.018666551	5.804197873	0.249021433	2.693993166	2.253433627	2.761294112	-494.790993	-90.49008958	-1.361261269	-7.845064359	-265.7441421	-6.489189094	-207.682883	-15.65405396	-2.156001444	-0.719983106	-20.90831361	1.731439194	5.006662409	-3.275223477	2.3259034	2.596463902
Pithecellobium dulce	nat	1	0	2575.013273	65.671	20	227.844909	23.50361	11.49014005	24.27609029	26.78914161	21.48970672	1113.620743	219.5588235	16.66718266	86.84190133	569.3978328	64.89473684	334.5665635	159.3529412	12.80930898	67.95439063	218.3471313	33.81450126	14.25108297	19.5634183	25.66605279	23.42162136	62	424903.934	12.34515876	18.65652741	0.547346721	2.738866748	1.8721119	3.773968627	-258.8856998	-26.20839566	-8.923593005	3.397125936	-75.71407396	-32.98020686	-232.3956239	-9.224736171	-2.500904472	1.998812132	-79.37122558	1.042763579	5.803617933	-4.760854172	1.216140949	3.675956978
Plantago major	nat	1	0	4852.23	0.22	0.167	228.2138834	102.320484	7.91736923	7.125305671	16.7429735	-2.265984699	755.4889457	96.62397604	35.91649784	32.33454163	265.2338589	121.1193517	216.5871576	169.8719281	8.457638406	29.76348377	776.3266868	22.92194037	-6.523006843	29.44494722	12.7228903	2.860602289	188	161754.1857	7.262234181	103.6183732	-0.165582113	17.45524996	9.553758454	24.68886038	76.4914477	57.70935669	-21.72041963	41.92896341	139.3935906	-68.29582297	-10.410688	-30.22486941	2.441708002	37.67180214	-617.6138996	9.999627774	23.27790873	-13.27828051	12.45782874	20.58482252
Plinia cauliflora	exo	0	0	324.53	3.992292574	4.268940471	238.9783689	45.056939	8.939291607	20.93161994	23.62976244	17.84163261	1516.935484	228.7204301	48.30107527	52.00936165	624.4677419	171.1397849	530.6129032	220.0107527	10.85667525	62.25664775	239.6970968	29.19939393	11.46779599	17.73159791	22.88338807	18.34838321	191	7776.02304	7.100338462	17.55246015	0.099002475	3.684793868	2.649025689	4.729074541	-712.571842	-67.44770353	-38.3616814	24.20536315	-203.2859182	-133.6852395	-333.1886603	-40.1622683	-0.669806665	5.441677325	-87.2881536	3.191515266	5.847355309	-2.655840532	2.350450447	5.332424769
Prosopis juliflora	inv	1	1	29.84625	38.377	10.058	229.9422652	57.250983	8.107096771	24.26259212	26.58488467	21.70435427	1029.253472	204.1111111	12.5	84.71675477	515.7256944	52.10069444	286.7152778	154.28125	12.32380254	70.31332187	201.2122712	33.24683676	14.78258692	18.46424986	25.64168595	23.21035687	118	437144.3548	9.543863651	17.53179877	0.44471877	2.30427301	1.706208766	2.834446439	-403.0947416	-52.55026415	-8.29894182	11.37896804	-142.4558527	-34.3176257	-166.1703042	-74.51934489	-1.526227584	-1.47211833	-48.37278274	1.561629045	4.292545355	-2.73091645	1.42850808	2.761777098
Prosopis pallida	inv	1	1	29.84625	45	24.331	229.3997165	57.250983	8.842901175	23.43849313	25.25960823	21.76100377	450.6666667	110.25	10.125	110.7190584	258.4583333	34.375	239.8333333	40.45833333	10.18873157	72.36867237	146.0657047	30.49688832	16.34585131	14.15103694	25.12832201	22.16106451	120	193124.3356	8.244216142	13.80218718	0.265516111	3.184711587	3.229957969	2.666638399	185.2357724	44.31910668	-5.336382127	-15.43300202	116.005082	-13.59451213	-109.3780497	6.070121564	0.793043503	-4.936166833	18.74667475	4.712054512	2.56715661	2.144897902	2.24444235	3.40072396
Psidium guajava	nat	1	0	3048.58	10.326	9.134	239.7082181	42.881257	8.242965044	22.53184765	24.40611891	20.34654602	1541.21409	257.5205855	36.44373285	71.78353613	685.2186642	132.6559927	424.2406221	264.4492223	11.62358211	70.93239082	167.6176651	30.88636034	13.87688408	17.00947627	23.55267592	21.57572834	293	57160.97434	6.79600825	37.00173031	0.64448334	3.583893183	3.350516867	3.870274957	-749.2696439	-84.48817906	-27.72614026	15.16573115	-243.0797749	-98.65599275	-286.2035853	-119.2223692	-1.055603732	-1.296885676	-22.29879768	3.219657942	4.956912214	-1.737254119	2.817540289	4.180444448
Ricinus communis	inv	1	1	21322.7576	332.116	4.966	236.9860563	64.349192	8.382414582	19.87098092	21.30441013	18.65869236	1023.576923	205.1923077	12.38461538	81.88312677	518.2692308	53.11538462	228.1538462	235.1153846	14.08383329	75.73741003	108.3838466	29.1627691	10.53153856	18.63123035	19.68515385	19.21512813	293	108387.5656	7.474960968	53.49839894	0.094367964	6.352070433	6.603964659	5.60872068	-231.3530452	-25.7594713	-5.096058199	8.571701405	-62.45828694	-23.82682729	-107.5518567	-107.0905084	-3.755723813	-6.979972852	40.31334788	5.039718079	8.577914058	-3.538195667	6.849091711	6.785700999
Rivina humilis	nat	1	0	4885.023963	3.203	0.6	246.8594849	142.881594	8.384326651	22.07563514	26.20670224	17.46146537	1182.582176	197.3217593	31.46643519	62.58274498	512.8148148	113.9108796	354.6232639	175.1927083	12.05777392	58.33015932	358.2648807	32.75834102	10.6438482	22.11449283	24.78797616	19.17300098	422	357221.8266	7.975784611	46.76387605	0.549726552	3.69112672	1.271684288	6.185794986	-430.6187025	-43.53180485	-20.43903797	14.11621471	-121.5454096	-70.73736353	-213.7967797	-35.50777683	-1.996168149	9.706679155	-199.4512186	0.806499091	8.079439514	-7.272940346	1.445889869	6.317866555
Saccharum officinarum	exo	0	0	24907.09492	0.4	2.691	256.2647573	16.2589268	25.00591836	21.64963027	24.68905258	18.11904694	1835.882353	295.8235294	64.52941176	50.53925071	783.2352941	225.2941176	695.4705882	265.2352941	8.224080563	55.55681677	267.2725778	28.79464755	13.22439365	15.57025393	23.15720923	19.85719204	178	311156.0806	6.543250151	6.772567798	0.438670642	4.851064327	3.468354861	6.810583021	-938.0490145	-83.71241872	-59.14052301	48.61038333	-246.0686275	-204.905229	-603.2483672	-36.90195697	2.292123159	13.78272689	-135.9504864	5.833130182	6.064495124	-0.23136497	3.371494779	6.743733406
Senna siamea	nat	1	0	675	24.131	9.487	231.610146	59.49555	8.59978436	24.57368774	26.97095011	21.41500091	1670.283582	285.4477612	36.56716418	69.91684646	762.0447761	133.3283582	529.1492537	240.4328358	9.790251141	61.0588203	230.4684952	32.5217025	15.08862579	17.43307677	26.01716207	22.01208403	143	167888.3062	12.45587695	9.632795555	-0.053708904	1.72029392	0.989852072	3.046418729	-869.5243285	-106.7255381	-28.4004975	16.93918157	-306.3966319	-100.346877	-409.0751811	-99.74765124	0.624563596	7.948436316	-86.89388077	1.80051926	4.098411091	-2.29789169	0.415554091	4.044088768
Sesbania virgata	inv	1	1	7206.740976	20.3204	1.949772845	231.0432791	33.452912	11.92801647	20.34976947	24.63065042	15.83611227	1235.486339	171.9726776	43.96174863	45.43212414	466.7431694	151.0382514	413.6612022	162.579235	11.31365201	53.73592066	359.6971048	30.91366589	9.488585857	21.42508004	23.31404554	16.33830096	82	128714.5718	7.246847399	44.46661466	0.300829916	5.728772193	3.293238357	7.999443376	-576.7196747	-29.53934325	-35.99508194	36.91275597	-112.1431709	-120.3882512	-283.3112016	-52.87923688	-0.470179818	13.84244447	-191.1451055	3.556334572	8.984747549	-5.428413613	3.220954592	9.210865534
Sonchus oleraceus	exo	0	0	2619.09	0.287	0.795	231.408686	55.662736	8.075832221	9.76148571	18.0333029	1.802165139	768.2070707	96.06721057	37.43881119	30.70109578	264.6524864	127.2937063	196.7078477	192.0668221	8.574355067	33.49155191	665.4007142	24.21611164	-2.224209752	26.44032142	12.15827342	8.046290063	234	10538.42022	6.534583584	144.6136569	-0.511322413	14.49335433	8.002555774	20.12140405	-55.85353566	34.74087086	-23.86305369	39.90725907	70.31721103	-74.65734233	-18.7179496	-70.57187278	1.852833431	33.24810656	-495.4369307	8.187928666	18.99996728	-10.81203855	12.87236629	15.54832275
Sorghum bicolor	nat	1	0	13406.48	11.183	1.609	257.6216837	13.3904208	11.38448997	22.89969491	25.55084167	20.2800435	910.2816594	197.1659389	8.759825328	86.87085701	494.4148472	37.2139738	193.19869	217.058952	12.73714464	65.36076934	216.5517745	32.805746	12.70888757	20.09685845	22.53410235	21.27979421	154	596464.7629	9.938408061	8.376460077	0.660440227	3.944662816	2.882491845	4.786623457	-109.3233178	-20.52010633	-1.655658745	2.839938865	-41.95651033	-8.338973978	-52.57368924	-78.39228319	-2.105026711	4.993038349	-79.04193379	1.973420465	6.893195633	-4.91977514	4.482911434	5.124372371
Sorghum halepense	nat	1	0	5260.54	3.464	1.406	256.2545396	13.403397	17.23281716	20.21641527	27.0369421	12.84584861	714.3888889	200.4444444	3.944444444	107.375074	480.4333333	18.77777778	108.9888889	196.1555556	11.29297456	41.92173261	580.2806549	33.87234308	6.532056285	27.34028687	16.31464752	24.34278504	243	89092.15334	6.658343708	16.30173297	0.650840886	7.484886903	2.260974431	13.21942921	133.3402714	14.99305508	0.368055511	-1.896420617	64.3374911	0.430555536	-6.63472262	-110.3013899	-0.776481415	28.71485311	-450.2195034	1.871406534	14.28252714	-12.41112037	11.49472765	3.005479179
Sphenoclea zeylanica	nat	1	0	3961.849468	0.01	1.5	232.4511107	113.092924	18.5995544	26.18434547	28.24324637	23.86338322	1286.384615	313.6153846	11.42307692	101.2355713	763.8461538	50.30769231	356.4615385	336.7307692	10.59201334	64.42794844	180.8841782	34.02939166	17.43895241	16.59043914	26.76849439	24.98061767	240	190991.9744	7.120833752	1.946489518	0.347519826	0.426765222	0.298672816	0.411364282	-609.5361268	-153.3729599	-6.180652673	-5.712910312	-376.9067618	-26.73193467	-239.2797199	-242.670164	0.153946288	1.525034724	-6.299559853	1.182729614	1.388320179	-0.205590455	0.460798744	0.793624558
Syzygium jambos	exo	0	0	61.83	2380	15	240.1219318	71.750999	8.40542849	26.16211141	27.26071129	24.74551099	2197.266667	329.1333333	94.26666667	49.64846032	861.8	323	519.4	566.6	8.931199964	75.74318441	102.6066577	32.35226644	19.66533337	12.68693314	26.12715556	25.27742221	307	5322.571264	8.941406905	17.20996488	-0.081270014	-2.879889043	-2.299230067	-3.638844299	-1372.311108	-179.400001	-80.55555557	23.16462434	-462.9333374	-272.9111112	-260.2666667	-479.4888883	2.65287412	-7.721818034	53.3328186	-0.496711222	-4.854222361	4.357511393	-1.971229808	-3.667051951
Tagetes erecta	nat	1	0	2062.398	3.285	0.19	230.3097267	20.093289	8.550631464	21.27347361	23.56800106	18.53657339	1191.058968	243.4275184	15.74201474	92.06369498	648.3759214	55.95577396	373.8648649	82.72727273	13.67804194	66.4037116	206.1182484	31.38458324	10.63561976	20.74896353	22.56032216	20.03808824	246	110315.8723	6.844282855	4.477347798	0.386948897	2.605692856	2.020094198	3.022950055	-487.1065886	-114.2370441	-2.646776738	-21.59500711	-316.3759214	-7.241488786	-165.3886751	20.36796391	-3.134788038	0.97751944	-39.78700187	0.477321453	5.616761296	-5.139439756	2.145233343	2.694451617
Tagetes minuta	nat	1	0	1934.092379	0.84	0.739	230.1616736	20.093289	7.856807805	17.69903072	22.06516344	13.05465307	1091.147799	154.4937107	41.13836478	51.68641095	418.2861635	141.8899371	358.1855346	183.4245283	11.86385616	55.41549745	368.6406847	28.60417664	6.465441308	22.13873533	20.4155019	14.30250694	244	1114.219008	10.41450028	68.58149648	0.604082327	6.891196651	4.347563918	9.246054075	-353.911439	-4.28158911	-30.99897088	26.49382725	-37.93464819	-102.1747856	-189.5976555	-57.67301261	-1.147240038	11.63077164	-199.4801304	4.386126404	10.50789202	-6.121765751	5.007528432	9.527594034
Talisia esculenta	exo	0	0	5958.05	587.2966667	9.208511186	243.2366581	61.165864	8.253589377	24.46347129	26.06251327	22.30796639	1454.461538	241.7008547	26.48717949	66.34939449	663.0854701	98.00854701	413.7948718	236.4615385	11.17359531	67.8854733	159.8110812	32.10951357	15.47736403	16.63214951	25.40079932	22.73297383	233	765080.7644	9.875752983	32.39988986	0.017965876	1.12518606	1.199271226	1.397589095	-606.1029486	-48.6351981	-19.96192697	25.72715718	-171.9188027	-71.72066812	-277.5423458	-97.1130522	-0.649310789	0.808897143	-15.62390405	1.595536698	2.833242102	-1.237705144	0.455345412	2.448339393
Tamarindus indica	exo	0	0	23653.92177	716.86	12.19	236.0655334	80.403348	8.525458883	25.84845944	28.32090585	23.48762776	952.1723356	220.6530612	5.421768707	101.4398278	558.0793651	23.88888889	227.5623583	236.0068027	11.75118504	63.5721754	199.5209744	35.14163597	16.38392514	18.75771086	25.65991539	24.51354754	422	192400.8182	10.48749093	14.10253956	0.628212683	0.905984932	0.12292129	1.377557364	-194.5130806	-48.20120881	1.607860867	-11.80529407	-120.9238136	5.266666847	-109.1179144	-100.5179127	-1.177357936	5.776292952	-53.12701057	-0.315710188	3.133111891	-3.448822106	1.28687475	1.834353527
Tecoma stans	exo	0	0	6844.357516	6.077	6.09	225.8234039	80.5787478	15.00944264	21.09432303	24.45478476	17.37544632	1023.506909	188.4087273	19.95854545	78.08553535	490.9883636	74.86254545	320.2749091	145.1774545	13.2549502	64.30924799	291.0432387	31.70011248	9.95055453	21.74955794	23.35079505	19.64664627	189	408.421248	6.749186859	10.97593212	0.749616677	5.563362312	3.876696916	7.362701799	-284.529132	-24.58650386	-11.09187884	6.550474117	-74.49947407	-37.92921231	-200.3860205	-20.37745505	-2.868098254	4.994923258	-143.2696718	2.906553955	9.638334274	-6.731780113	3.576241869	6.832612837
Terminalia catappa	inv	1	1	13078.42	2840.912	13.71	243.5203341	52.704007	12.96694741	26.17205471	28.48039372	23.68145214	1836.189944	358.9553073	42.35195531	79.18589911	912.6759777	152.2346369	449.273743	365.1201117	9.032017239	63.11945241	193.147012	33.88833674	18.28757058	15.60076616	26.56878924	24.9746812	240	197161.6809	8.17137607	8.85073694	0.448867197	0.992181437	0.102013674	2.024798052	-950.3705027	-153.8858642	-33.3797332	14.71736938	-389.2593123	-118.7763036	-330.023744	-236.8840007	0.675621661	8.165014654	-75.48917666	0.49499647	2.348540443	-1.853544092	0.644868137	2.099161242
Thunbergia alata	nat	1	0	4503.917799	25.8	1.229667917	226.4433908	69.475678	13.87033283	18.85223805	20.91417885	16.4213711	1041.165493	184.7957746	22.58098592	64.81064458	461.7253521	87.08802817	309.8802817	146.6443662	11.30440192	67.62011993	185.2276324	27.09788808	10.00224438	17.09564372	19.71997793	17.4066219	191	71098.49088	6.342338234	8.342236854	0.408005759	5.35113491	4.740582875	5.810375033	-6.165475519	7.156602671	-6.152414487	6.217113879	48.32225967	-25.51660042	-132.165996	57.02229684	-1.777814704	0.324539169	-42.49968192	4.406873476	7.392993683	-2.986119812	4.52049841	6.648933444
Tradescantia zebrina	nat	1	0	15.6624309	2.49996	0.214670593	261.0360575	19.840317	27.16996517	23.01081685	24.91627239	20.72433101	1851.810924	321.6428571	31.84453782	74.13103179	843.7478992	118.9705882	451.7310924	309.092437	11.35902823	68.0079862	172.4388741	31.48126771	14.43687324	17.04439448	23.92175714	22.22255091	117	20766.63603	10.42633266	4.720138801	0.157619652	1.973442225	1.223851191	2.749125686	-791.29239	-113.6058207	-15.62231551	0.956306976	-299.5997533	-60.60021843	-294.8792404	-86.24058541	-2.435571452	3.005235968	-60.88489363	0.01502864	4.448312004	-4.433283158	1.479477808	2.971893323
Tragus berteronianus	inv	1	1	172.6204191	0.257	0.45	254.8520624	25.855332	8.924623933	17.94261216	23.28251263	11.7425244	590.375	106.9431818	9.712121212	69.28889112	281.280303	36.31439394	252.9507576	45.17045455	13.76290951	53.50854015	472.4764219	30.20338631	3.409472198	26.79391415	22.58041411	12.00780215	222	184955.6173	8.508179351	171.6877627	0.687743618	8.49499942	4.941098539	12.51769388	46.70238086	40.06277054	-3.334145039	19.69383113	83.44886423	-10.01677488	-126.8138526	40.16883136	-3.149491872	14.42576705	-309.4153901	4.482030436	15.6000516	-11.11802143	4.486202956	13.72731686
Trianthema portulacastrum	nat	1	0	713.2616813	1.477	0.05	245.4784259	149.752278	14.42381145	22.73205271	27.97913783	17.24170885	817.6380368	171.4331288	12.89079755	83.97761745	432.1092025	49.6208589	243.5300613	119.9680982	12.93565444	54.71609102	438.6667722	35.16642873	9.907416041	25.25901267	25.18711896	21.74025709	101	599254.6304	7.884362977	20.5690653	0.726546719	4.963528088	1.26126647	8.794149706	21.72559401	31.49616425	-7.335241928	16.30817181	79.80998977	-26.60065695	-128.1765255	19.94099404	-2.561159422	16.21247901	-308.6324831	0.329530925	10.85723037	-10.52769948	2.63308303	5.682133244
Tridax procumbens	nat	1	0	468.02	0.69	0.833	230.3949342	19.326858	7.857108086	25.13125675	26.44368927	23.70939402	1652.298246	278.1637427	29.44444444	65.73608236	717.4561404	107.8245614	363.7894737	298.8245614	9.108420709	71.28685749	112.7437088	31.53791936	18.69032864	12.84759072	25.47700833	24.52145889	85	353330.4955	8.22321121	74.22820457	0.208380798	1.233730839	1.631725364	0.674851414	-875.9624231	-102.4771758	-21.61111114	23.2207503	-273.4934552	-76.59819338	-237.2322597	-173.9365012	1.283287401	-2.797631394	38.80486688	2.866806899	0.472357905	2.394448961	1.128547317	1.560506186
Urochloa arrecta	nat	1	0	1836.854645	1.52974	0.633226914	256.8464	28.388408	25.9004115	20.79869143	23.21476555	17.77311085	914.8518519	152.2592593	18.92592593	68.1100567	409	70.59259259	302.5555556	97.74074074	11.46049376	62.70463039	225.7037717	29.28103708	10.60814814	18.67288886	22.80335808	17.93641952	93	21516.20403	5.917212958	15.19732725	0.511319631	7.160104434	6.543567657	8.726889151	107.7592627	109.7407433	-13.03703693	38.99463639	248.5555522	-41.70370376	-208.4999996	51.31481333	-1.077160712	7.272623839	-93.72331054	6.80229625	10.62518513	-3.822888639	4.722567876	9.845988238
Urochloa brizantha	nat	1	0	2287.22	0.9361936	1.001	254.5156131	28.3884	9.727072729	21.91672067	23.45543497	20.22834603	1195.557143	223.6047619	10.32380952	79.8157196	578.3619048	47.1	264.6619048	224.5619048	11.44956187	69.55602252	134.447962	30.28933328	13.45521906	16.8341142	21.97000635	20.90126037	127	68436.88141	10.02349596	10.82238176	0.271077427	2.96540887	3.247157628	2.220172728	-446.7127011	-105.2269833	8.498412741	-21.62638778	-255.4952381	21.76666679	-79.32857245	-52.6285699	-1.646784101	-4.11310819	43.74132222	2.21288929	4.104780977	-1.891891734	3.006289882	3.646147038
Urochloa decumbens	nat	1	0	981.62	3.336	0.55	243.338353	28.388399	9.721040346	20.34154602	21.08442286	19.56289563	1183.768657	182.3656716	22.03731343	57.15202959	464.7164179	96.28358209	262.8507463	229.4626866	11.08881841	79.72053773	64.22849238	27.48838806	13.45277613	14.03561192	20.39156218	19.99165174	95	124517.8757	6.243451018	23.39453334	0.436954253	5.420854747	6.389783384	4.241469526	-357.9115139	-5.079957901	-10.39445624	23.8306852	-12.04975052	-49.92643903	-114.8031255	-120.2722108	-0.741794689	-11.63396344	86.74005026	6.2235166	5.040080913	1.183435761	5.784628464	5.353586399
Urochloa mosambicensis	inv	1	1	2012.987442	1.225	0.3362	254.9095876	28.388399	11.29872859	21.10651926	24.47035272	16.71980226	693.7945946	132.2054054	8.2	79.38651319	349.4054054	31.40540541	299.3243243	38.15135135	13.1517054	59.75459991	322.9809087	30.58438654	8.326929769	22.25745674	24.14350087	16.84945693	86	161408.254	6.439130478	29.01933784	0.592265116	5.222908106	3.503258516	7.613878252	32.35123556	31.62792856	-0.845833418	9.397727295	61.15709746	0.282094475	-172.7201564	65.74448083	-2.586253894	9.528967761	-173.2399412	3.809363535	10.72932009	-6.919956464	2.736707742	9.112001161
Urochloa mutica	nat	1	0	2125.29979	0.9876	0.917513571	254.8212858	28.388399	12.05718284	25.96830435	28.87491598	22.97842444	985.0649351	215.4415584	6.376623377	101.7888481	523.7662338	36.22077922	206.2207792	220.3116883	11.11282249	61.71553342	240.6576041	35.34621719	16.4342153	18.91200188	24.85670366	25.76816997	243	211458.9819	8.706276171	3.953935335	-0.028611945	1.11364003	-0.137037178	2.326878523	-247.1406894	-35.86580029	-0.482683979	-5.258805411	-80.59956409	-11.76623403	-94.87229397	-92.66017326	-0.689590237	8.326231275	-99.49820717	-0.282580846	3.690027181	-3.972608058	2.431175331	0.936122931
Urochloa trichopus	exo	0	0	1414.841633	1.33	0.25457299	256.4690637	28.388379	12.90037378	21.27154812	24.58040667	16.96432786	710.2252252	137.5045045	8.297297297	79.90807769	359.8738739	31.26126126	299.6576577	40.71171171	13.09726786	59.99528844	317.4610749	30.73650905	8.625327357	22.11118165	24.20220389	17.09921349	86	143789.7359	6.248356311	23.44347502	0.694039257	5.645866475	4.007627593	8.118150448	38.92861623	42.62370278	-2.502425509	16.08439327	95.35688949	-5.825363728	-191.9909894	39.5959806	-2.340216543	9.994968533	-174.6735612	4.373747294	11.03108271	-6.657335375	3.139249224	9.508051397
Vitex agnus-castus	nat	1	0	3467.996078	8.657	3	226.4338535	20.136192	14.79099927	14.23676135	21.85494326	7.185932423	714.8705967	98.87562904	26.6736161	42.58807358	267.1279655	97.04457225	110.7390367	229.635514	9.300199466	36.47341345	603.7823295	28.3736548	2.860505097	25.5131497	11.37253006	19.21337778	160	115226.1243	5.682558983	108.4424619	-0.43906286	13.08754405	6.933548938	18.38549615	90.15321356	85.62436932	-18.22123502	49.83559351	200.1339407	-66.11600031	14.26096388	-119.1355129	0.611110015	34.83089939	-472.4964501	6.333488165	17.79901859	-11.46553036	16.31675577	7.706066576
Zea mays	exo	0	0	31173.3	232.285	2.08	255.9365344	29.7497008	19.73612332	20.7530615	23.8332811	17.19706991	1099.663801	221.6620808	14.28116939	88.93702732	578.494411	53.80309544	347.5305245	112.7050731	14.20433478	64.18868547	272.2768226	31.7965742	9.104955083	22.69161906	22.83871937	19.23265922	174	60369.80941	5.946836588	49.79905894	0.416034368	5.423084902	4.016101606	6.995081753	-357.7801965	-64.02715959	-6.26000537	-5.501672031	-174.4044641	-21.24753974	-216.863858	25.36899995	-3.828761631	4.704777118	-121.2582736	2.324589877	9.872822746	-7.548232659	3.389234766	6.733301994
Zinnia elegans	exo	0	0	2738.147591	9.003	0.4	230.901357	24.296074	11.80989844	22.99022212	25.36640995	20.27446056	1427.366167	271.7730193	19.93147752	85.75811908	712.1713062	75.16059957	381.9379015	201.4068522	12.78879798	66.92513907	208.7472822	32.63150587	13.05692081	19.57458505	24.25349767	22.07473356	216	236661.3258	7.096835857	7.248964748	0.319994916	2.848666684	1.987293615	3.699984144	-600.7661752	-100.0841292	-8.642588593	-5.800327439	-274.3713042	-30.29393322	-242.4712338	-29.69573959	-2.413982995	2.956417127	-67.48489946	0.999604768	5.634190182	-4.634585025	1.986872507	3.531933255
