sp	stat	naturalized	invasive	LA	SM	H	mpds	min	mpds_weighted	bio_1_native	bio_10_native	bio_11_native	bio_12_native	bio_13_native	bio_14_native	bio_15_native	bio_16_native	bio_17_native	bio_18_native	bio_19_native	bio_2_native	bio_3_native	bio_4_native	bio_5_native	bio_6_native	bio_7_native	bio_8_native	bio_9_native	year_p	Area_p	euclid_p	F_pres	nmi_p	bio_1_p	bio_10_p	bio_11_p	bio_12_p	bio_13_p	bio_14_p	bio_15_p	bio_16_p	bio_17_p	bio_18_p	bio_19_p	bio_2_p	bio_3_p	bio_4_p	bio_5_p	bio_6_p	bio_7_p	bio_8_p	bio_9_p
Agave sisalana	nat	1	0	7665.237837	7.4388	3.040096156	264.1212247	44.549292	12.62851521	23.79757504	25.91286478	21.19393444	1060.952381	194.9047619	19.80952381	80.79316239	514.3333333	70.23809524	322.8571429	93	13.24154849	67.59443665	193.7296771	33.56796692	13.9136398	19.65432707	25.14992728	22.67620909	157	47960.46541	8.870658649	4.629360725	0.14426832	0.730401266	0.253405344	1.226303646	-276.666671	-41.28571447	-7.095238163	-8.901450748	-125.3571436	-21.30952354	-163.3095251	55.02380943	-3.573294594	-0.264386858	-37.96999132	-1.458443278	3.788741203	-5.247184299	0.124676159	1.794028918
Albizia lebbeck	inv	1	1	275	119.805	6.562	227.6992072	51.06034	12.12499089	25.27459815	29.28046696	20.6517187	1150.881295	298.9064748	8.169064748	102.5085282	726.1726619	35.55035971	316.0827338	96.78057554	11.38477705	51.59538309	348.2177333	35.93687607	13.2872284	22.64964772	27.01712448	22.41670528	225	173722.5011	6.173307228	7.007567451	0.565962786	0.993318336	-1.447689362	3.774947942	-221.8813011	-75.53980612	0.164268601	-9.919193679	-176.0393245	-0.45036038	-167.9493983	14.75275767	-1.510055048	17.67847822	-208.5627864	-2.006876338	6.196105186	-8.202981285	-0.354902379	3.528294797
Alpinia zerumbet	exo	0	0	14860.63009	17.4992	1.5707965	262.2933293	95.377312	15.61131486	21.26814832	26.2696781	15.52251463	2165.575	393.5333333	51.89166667	69.24335688	1042.833333	180.6666667	917.0416667	227.75	6.455870664	35.03206666	442.3184558	30.10808891	11.38126852	18.72682033	25.07103107	16.89947309	229	305072.3082	12.30108949	26.81963197	0.278069529	5.187407279	1.571525908	9.302948026	-1231.074995	-182.2277786	-44.08611106	20.91203227	-509.8611094	-150.2222219	-774.9305547	-38.27777712	3.613110626	36.60746892	-318.7581499	3.830799802	8.402064779	-4.571264529	1.528505985	9.408860151
Amaranthus blitum	nat	1	0	878.3508053	0.16	0.429	244.5149672	65.087106	30.20238989	11.37748821	19.01206797	4.019587659	869.8596382	110.790393	43.72738615	27.54362619	299.5327511	147.5159077	244.3462258	192.0798503	8.740931784	35.43464802	613.6978655	25.18086158	0.044409182	25.13645238	12.99526283	9.641468763	224	298820.4687	5.470083654	52.39402125	0.140985699	14.11070601	8.233765424	19.28666244	-206.3179702	48.54294096	-36.9357194	63.31562865	82.13391685	-120.8075744	-139.3045593	-83.24651727	1.563929523	32.09819461	-451.5471277	8.573305021	18.40975771	-9.836452193	12.92695954	15.35089278
Amaranthus spinosus	nat	1	0	3332.678074	0.194	1.5	246.0866919	65.087105	8.861958563	24.121413	25.08924098	23.09465814	1998.747748	308.4864865	51.53153153	59.65507743	811.5405405	192.7027027	526.3333333	463.3063063	9.683499156	79.19863929	82.56338551	30.38531803	17.96445908	12.42085895	24.42385172	23.65827024	237	417413.9556	7.950344743	42.96806967	0.424098676	2.117069961	2.714092298	1.329871773	-1160.183646	-107.594179	-44.22383924	34.12296013	-317.1405363	-162.9744976	-406.8256404	-328.2857935	0.486629094	-9.785875082	56.10520803	3.662887033	1.360156384	2.302730727	2.001276662	2.363524795
Ananas comosus	exo	0	0	21606.23593	2.009133333	0.914	260.0572114	22.46263	12.23994529	23.42708949	25.08973405	21.47133015	1755.544538	267.2890756	47.14117647	56.68963465	737.7260504	168.1495798	443.9344538	375.8033613	10.63921338	69.8050424	150.7499633	30.95752676	15.27037182	15.68715494	24.19035725	22.07440768	422	46344.26163	5.924672046	2.938050623	0.516230746	0.253003212	0.039278164	0.516941356	-714.7667736	-51.32611549	-34.06710247	27.4194517	-177.9112413	-121.260692	-207.8974186	-223.0255842	0.245045847	-0.875475276	-20.76261454	0.842473322	0.688887215	0.153585791	-0.032949701	0.470036718
Andropogon gayanus	inv	1	1	675	2.5584	3.5	254.4051947	5.90498	9.703608107	23.4068766	26.53987013	19.37178348	612.1038961	141.4285714	6.090909091	102.8218365	368.3506494	21.2987013	236.5194805	22.46753247	13.67091325	60.06802799	296.5311465	33.60732455	10.74561042	22.86171418	25.71370561	19.92588742	105	444314.3537	5.830956828	14.86001884	0.557292599	3.180739366	1.752259709	5.502290662	320.2016611	84.54364995	-1.257575797	-1.715060308	199.3437934	2.506854124	-81.13059057	104.1158021	-2.554015191	8.284502806	-157.434832	1.595453471	8.126611762	-6.5311585	0.952035677	5.72920514
Annona muricata	exo	0	0	9050	391.336	6.09	270.8685477	28.441229	12.86939135	24.29655197	26.08790449	22.14684892	1511.369427	285.1019108	30.22929936	83.2154916	757.1273885	106.3630573	522.3757962	166.6050955	11.25157315	70.26857364	163.4354121	32.27086755	15.92398618	16.34688139	25.44405146	23.38497231	178	35993.66554	8.81278428	6.938331047	0.559999455	1.038170207	0.784822647	1.348100685	-573.9906453	-85.43524428	-17.86566286	-1.786801128	-254.4758736	-59.04487562	-383.2697344	58.39490533	-1.522280215	-1.350411034	-22.29552193	0.535193069	2.616922547	-2.081729762	-0.119556662	1.887502504
Annona reticulata	exo	0	0	6008.695933	239.2	6.09	270.9808501	35.521535	11.12839063	25.40497754	26.28968913	24.35831121	2082.666667	313.5333333	46.93333333	52.540065	814.8666667	187.2	432.0666667	567.6	9.99608895	78.67593002	79.93558566	31.92933337	19.05626685	12.87306646	25.3920887	25.23453331	218	422782.5009	6.704858389	5.381561651	0.071923983	-0.290857061	0.548273659	-1.100903702	-1106.222209	-107.0888919	-34.82222225	30.62923571	-277.8666718	-134.8666657	-275.4555579	-279.7111088	0.740485382	-10.19774373	68.66071765	1.576221784	-1.256266975	2.832488982	0.019022814	-0.628051758
Argemone mexicana	inv	1	1	3816.709304	1.848	1	264.8287001	225.876142	8.960290802	22.58579708	25.48130858	19.22372535	1063.17623	210.4364754	16.29508197	84.37472045	541.6188525	59.9057377	341.8995902	93.94672131	12.95436436	63.80232961	257.1653943	32.59304028	11.88006016	20.71298016	24.56579503	20.8385739	220	180853.0964	9.899216298	48.98638384	0.390776944	2.738522764	1.553158538	3.936648862	-382.4109249	-55.13375411	-9.332496975	3.446543348	-162.0644301	-31.35471727	-207.6444881	15.47164527	-2.405384741	4.02160475	-96.80106277	0.975327148	6.082524842	-5.107197891	1.422300268	3.79714038
Aristida adscensionis	inv	1	1	70.2	0.606	0.304	255.1188239	19.521018	9.197524523	21.17719749	25.12839371	16.51171696	548.2293907	117.3243728	4.940860215	87.51376005	301.3458781	20.71326165	185.4050179	71.21146953	13.89925799	59.06903091	355.9466818	32.51225854	8.288005071	24.22425347	23.23096689	17.98166328	229	211764.3141	6.726941515	46.88346576	0.467128934	4.728821088	2.525815165	7.284158531	156.2706121	55.49380917	0.948028646	6.669674461	114.2399794	3.811990954	-49.90501772	13.88954078	-3.078130112	8.693213341	-197.4670767	1.859963638	10.06047985	-8.200516238	3.313730067	7.082730655
Artemisia vulgaris	exo	0	0	2373.93	0.144	1.377	234.1739613	37.886161	14.51068641	9.500318816	17.13261212	2.191795459	819.0060484	96.1797235	44.20218894	24.95069598	267.0423387	148.7456797	210.9547811	198.3093318	8.289395437	34.10008195	612.3942484	23.11586085	-1.476947943	24.59280881	11.23823453	7.721842238	120	381330.2927	7.527388165	109.0122244	-0.069182293	16.5984313	10.62738773	21.87153767	-57.27271709	67.6869452	-32.76885571	61.52476979	148.8909956	-105.812346	-91.42144714	-70.74266462	1.765882102	34.18980071	-460.7239992	10.85413923	20.6869476	-9.832808578	14.95065421	18.02649112
Artocarpus altilis	nat	1	0	80944	5898	13.47	243.338353	28.388399	9.721040346	25.68992709	26.25544016	24.95526475	2603.278689	355.6803279	105.5081967	41.66548945	974.4344262	357.3032787	660.4754098	590.5655738	8.159829413	82.01327043	55.14531767	30.78857455	20.77094997	10.01762458	25.64359554	25.45165282	259	26874.88614	7.910803279	9.979759803	-0.587011185	-2.62214907	-2.172106577	-3.251931466	-1347.278664	-110.0803309	-85.77486361	34.07166876	-336.7677697	-289.6366119	-465.0754053	-364.8989051	0.921281732	-11.94699769	44.1951845	-1.141908211	-4.124283439	2.982375228	-2.526929127	-2.362763893
Artocarpus heterophyllus	nat	1	0	6877.84	9491.546	14	242.6705711	84.927726	16.51276405	24.60125214	27.0440763	21.74011748	2089.619687	432.2348993	37.53467562	78.84122143	1084.93736	139.8255034	538.3378076	367.409396	8.891835918	60.48627069	217.7540851	32.17905253	16.16747982	16.0115727	25.51555214	22.75043975	360	37403.25478	7.173146987	3.98836595	0.54709525	-0.907998075	-1.92582218	0.090834751	-1000.619682	-225.7587069	-19.98705665	-7.918842894	-545.1516503	-75.444551	-342.24257	-114.6474933	0.801814873	8.416475782	-81.33358771	-1.155242827	0.687282194	-1.842524869	-1.532615686	0.872972926
Averrhoa carambola	exo	0	0	2378.868631	0.60396	8	242.6213612	91.338587	17.07976735	23.96410847	27.08750449	20.13241126	1932.427184	315.9708738	46.6407767	62.39867886	854.0776699	171.0776699	646.9029126	336.8834951	8.035168037	57.94692912	289.2097531	31.53841258	15.33365619	16.20475647	26.32819194	21.12395271	224	219748.6469	5.951532872	9.38520182	-0.056380652	1.954525471	0.06110658	4.305551588	-815.5105025	-86.80420712	-32.05744325	18.93909748	-259.7721177	-118.2443361	-484.7362475	-60.772387	1.310896849	14.767118	-177.1579692	1.011587138	4.28301052	-3.271422833	-0.413377152	5.017251172
Azadirachta indica	inv	1	1	675	232.758	15	242.5922827	93.484964	11.57530588	26.20770297	30.86688391	20.98218377	1071.424084	294.3333333	4.633507853	113.7152802	707.7434555	25.67888307	213.1762653	148.0104712	11.46258422	48.77358614	397.6072559	38.16308728	13.61129324	24.551794	27.39591619	24.3592081	76	245485.8465	5.80651462	26.41914094	0.644611977	0.864519104	-2.389260555	4.687415231	-141.2203789	-61.85185284	1.403529208	-11.68491852	-133.2804954	-0.289994302	-104.2873766	19.21175051	-1.243911386	22.98117164	-282.2541117	-3.420494994	6.774817752	-10.19531239	-0.41505188	2.58384748
Bauhinia monandra	exo	0	0	20868.46955	199.8	5.1816	234.4210325	25.613708	11.99392486	24.88750057	26.50385882	22.47205168	1501.233333	360.7666667	15.13333333	105.3236776	919.1	59.76666667	645.4	71.93333333	11.5090109	68.52397334	170.700189	32.47995122	15.66141925	16.81853199	26.22796987	22.86026624	173	182878.5521	4.872981404	11.60709727	-0.941769202	0.414582825	0.280585416	1.042948373	-626.7000036	-168.9166651	-4.866666671	-19.916863	-434.7	-20.10000006	-490.733334	87.91666743	-1.444288651	1.213321813	-35.58321832	0.416715018	2.748580742	-2.331865358	-0.633803113	2.138066832
Bidens pilosa	nat	1	0	463.61	1.805	0.9	230.5243485	10.030346	7.791477767	20.14732338	22.51815104	17.41626546	1273.320051	226.8226221	26.14781491	77.05821128	596.8316195	97.03341902	367.3881748	186.3033419	12.6911192	68.11875201	209.6440667	29.65918891	10.31780997	19.34137892	21.52362144	19.08582429	292	173553.2216	6.193899297	56.05826495	0.541188562	4.849925543	4.176774158	5.462901182	-511.9738984	-61.66877544	-16.53243029	5.586429492	-185.5463638	-57.98854725	-215.4234316	-62.83539298	-2.278298705	-0.636396118	-51.74120441	3.465811293	7.342446418	-3.876635234	4.008910519	5.297295404
Boerhavia coccinea	nat	1	0	2521.329349	1.142	0.384641448	246.7781101	86.020246	9.252208277	20.85495732	26.21707968	15.31193948	737.4560847	142.352381	14.80740741	75.95931523	366.5269841	55.26349206	245.6603175	97.22010582	13.99796735	56.37982203	446.8545726	33.86408124	7.577181414	26.28689985	23.63924546	19.22532747	244	657187.2748	6.960641297	26.42454608	0.668691851	5.477492332	1.769283995	9.086882093	4.079271345	34.06175946	-8.847811482	15.31405152	64.48311349	-29.92005773	-117.9027413	41.49706608	-3.507984197	12.49336229	-297.6215199	0.589454017	11.55716214	-10.96770804	2.994256345	6.549083182
Boerhavia diffusa	inv	1	1	1686.018789	2.473	0.38264927	246.629122	86.020246	8.419253764	23.37397745	26.28183818	20.08067342	1126.140449	215.1797753	19.47752809	82.55587304	559.8876404	73.33146067	369.9101124	158.9101124	11.8279183	63.14302801	254.954274	32.71095924	13.32487519	19.38608406	25.04581611	21.75329829	175	297940.9756	10.81850198	27.64937076	0.474119085	2.636074734	1.388458686	3.884618089	-397.4143788	-41.88934697	-12.07818817	8.358057763	-137.541105	-43.3149588	-241.9200136	-47.471169	-1.53273122	4.993729375	-102.0426546	1.30554227	5.525289769	-4.219747494	1.430971607	3.734050395
Bougainvillea glabra	exo	0	0	4174.107927	36.29084545	15	246.5023697	13.738748	9.056812964	20.55013235	22.87582608	17.89310918	1440.155	217.785	45.21	52.08991786	594.23	161.545	479.115	243.235	10.72531615	65.37067711	206.5262097	28.46974549	11.65174846	16.81799703	22.0826429	18.63257733	243	40794.75507	5.950930711	25.65405461	0.575085041	4.069411206	3.332308841	4.614827435	-660.6788124	-64.04690594	-33.2576191	24.67617989	-196.6347601	-114.8307144	-252.4245247	-142.3659513	-0.063808325	3.048182101	-51.77904152	4.129064027	5.316108557	-1.187044537	3.493547636	4.567621049
Caesalpinia pulcherrima	exo	0	0	11289.10831	181.82	5	231.8856849	55.328889	8.217012528	23.89087419	26.9709608	20.38362861	1088.942356	233.1528822	14.07769424	94.4897736	608.0200501	52.09022556	391.6140351	87.76441103	13.91594476	64.20058104	271.9288626	34.61488	12.48758843	22.12729156	26.09248009	22.6821131	237	273303.6012	9.276999264	23.69664427	0.441782357	2.086192226	0.514811543	3.760002926	-289.9586143	-58.89271892	-4.508588523	-11.00838904	-169.4509434	-13.43981901	-236.5083436	48.76404394	-3.635118273	5.519114729	-132.906274	-0.87666848	6.41810262	-7.29477114	0.390853269	2.596342171
Calotropis procera	inv	1	1	17989.73191	8.802	6	227.7389434	12.876662	7.673224142	25.12317079	30.38335744	19.27844208	493.6402049	141.9769526	2.259923175	105.2578348	333.3085787	11.85147247	112.9180538	62.57106274	12.88173753	51.11215064	453.756611	37.9195221	11.51140366	26.40811844	24.98901094	25.40346784	150	233478.914	9.041262804	90.27774903	0.451709071	1.024604788	-2.68323223	5.011240479	293.392378	44.33883639	4.369149502	-11.98561485	128.3229984	14.92797607	28.22229688	49.83996482	-2.430630638	18.44165896	-313.1950655	-3.860625013	7.42268153	-11.28330646	1.563369931	0.13546278
Carica papaya	nat	1	0	39553.88	22.164	6.045	243.4784395	37.081704	11.89718947	23.49705649	25.44439783	21.26212491	1650.741525	272.8440678	40.57542373	66.66153595	724.370339	144.790678	454.6355932	291.8161017	10.88251709	69.10908668	172.9123523	31.44387596	15.18003704	16.26383892	24.52703476	22.33543495	422	73811.94342	11.57402833	19.02874365	0.59936405	2.462215221	2.023920488	2.900938032	-788.9847703	-86.51073398	-30.74659492	18.62468038	-252.136103	-106.934822	-322.2662237	-102.8971835	-0.641150784	0.733739342	-35.52356899	2.224592725	3.723566513	-1.498974055	1.515307602	3.637838459
Casuarina equisetifolia	exo	0	0	11	2.685	21.193	243.1564444	218.137297	20.51552362	24.31423405	26.67817153	21.50318805	1780.992157	298.9333333	50	63.51882608	799.9098039	180.545098	536.2941176	306.2117647	8.250321588	60.72618068	210.8568588	31.14769443	16.75855198	14.38914249	25.69883051	22.42917522	218	172827.3613	6.450317008	3.964304384	0.677708983	3.052710073	1.894050609	4.374589808	-784.6588317	-62.46666768	-43.39999986	37.45271933	-201.3098039	-155.2117645	-385.5607833	-150.2117662	0.972456064	12.50808904	-101.9583801	2.938971673	4.634781457	-1.69580905	1.951169111	5.321936005
Catharanthus roseus	inv	1	1	2098.713995	1.415	0.50967692	228.77099	26.681466	8.143425577	22.39172558	25.09322725	18.93456339	1360.592593	262.7592593	27.57407407	82.8955117	704.5185185	104.1851852	659.962963	142.0185185	11.93182582	64.30970588	257.2064907	30.81913634	12.32917545	18.4899609	25.02062808	19.7631567	244	138808.3937	7.218195274	29.31101795	-0.379848577	3.295774246	2.072918735	4.924637923	-542.7280096	-81.44676021	-18.07407405	2.57040434	-251.6018515	-67.95601857	-530.6087972	47.6793985	-1.905089698	5.801660635	-120.0152741	2.497530206	6.621866193	-4.124335817	1.042392804	5.858544782
Cenchrus ciliaris	inv	1	1	225	1.024	0.909	254.5583656	12.035007	8.935547864	21.71173614	26.16893697	16.39439262	453.8030113	98.28607277	5.229611041	86.14524925	244.6072773	21.48933501	162.2521957	47.13801757	13.59044738	56.40024605	403.3934181	33.35250311	8.47529059	24.8772125	23.02319046	19.81865295	168	280470.487	9.222284769	83.10198252	0.551201304	4.102276515	1.356200541	7.33167984	271.0319729	69.61161686	1.945306442	1.614811128	167.4026222	8.21363548	-19.19939011	59.74977114	-2.979583829	11.64491385	-246.549643	0.695681629	9.928339771	-9.232658131	3.399911892	5.195153423
Cenchrus echinatus	inv	1	1	2181.65708	17.2	0.346329724	254.3870266	12.035007	8.917380703	22.01211768	26.13001666	17.41160016	1076.427699	194.7678208	27.36252546	73.72315557	510.4704684	99.68431772	362.8594705	145.8594705	12.86681619	57.45567975	358.0338816	33.10151292	10.11842115	22.98309176	24.41740457	20.48264855	244	252899.4591	9.257671782	44.64765903	0.591884187	4.242352033	1.646447942	7.029915123	-251.9973924	0.377634326	-19.01101032	18.58364298	-28.20379779	-66.38734788	-234.4897736	-16.83522796	-2.748987856	12.2431096	-220.9162685	0.863941281	9.23733637	-8.373394798	2.021080277	5.502199783
Cenchrus pedicellatus	nat	1	0	1026.336624	0.571995088	0.78799517	258.4411477	12.035007	16.09623001	26.9344308	29.98608311	24.4062633	961.2913907	245.3245033	1.59602649	113.306124	615.3509934	10.31788079	146.3907285	275.6721854	12.39821564	59.96482699	227.7204594	37.48096553	16.44943901	21.03152657	25.98936541	25.56466493	124	125439.6314	18.30549326	16.08204426	0.28994002	0.073832974	-1.673861014	1.389847806	87.24195278	7.808829513	5.220640268	-13.1473117	11.08234708	16.4321193	-22.84072914	-66.68885232	-2.479465592	13.36625059	-124.4281293	-3.254298605	4.155560871	-7.409859616	0.727023384	1.61116877
Cenchrus polystachios	inv	1	1	1157.205451	0.411735725	0.596327972	256.1492681	12.035008	14.98954883	23.85447416	25.76782618	21.87341627	1445.083333	300.6	20.08333333	85.59915428	745.85	81.15	375.15	282.8833333	10.43176481	67.0347304	161.3055764	31.73504764	15.9423892	15.79265846	24.07682658	22.83848471	216	95321.66963	7.817869491	3.172952599	0.563369125	1.940397387	1.581319127	2.179575301	-513.0320591	-73.24102408	-13.16025645	11.65348138	-185.106404	-51.99615399	-264.0987183	-74.70384699	0.0075515	2.831662173	-26.31677807	2.070080308	2.844790384	-0.774709645	1.916335868	2.858523865
Cenchrus purpureus	nat	1	0	2151.187383	0.713830876	1.411591657	254.3770574	12.035007	10.11546158	23.76840324	25.38213559	22.02561859	1350.038136	240.5338983	15.40254237	75.31114702	627.7966102	67.46610169	313.6101695	342.7161017	10.70450138	69.85716315	138.7666808	31.71988136	16.02647455	15.69340683	23.67544063	23.01204228	153	149751.5131	9.365354108	8.994074487	0.487800869	1.874763341	1.937864339	1.642159277	-568.8781332	-55.76056609	-7.362542421	15.87433058	-175.703274	-35.47943498	-178.7168365	-245.4361016	-0.249279134	-1.764600136	11.32362854	2.06278549	2.368191965	-0.305406645	2.286559568	1.900179853
Chenopodium murale	inv	1	1	316	0.621	0.466	246.2636348	87.322517	8.786790645	13.7772385	21.3144557	7.042545044	601.0733333	77.58666667	22.42	38.8861597	211.3511111	86.56222222	110.4555556	169.3111111	10.26434443	38.90676943	586.9420977	28.60657439	2.186873993	26.41970042	12.43032178	17.01118783	244	35159.95341	6.699397678	42.91565423	-0.240938158	10.37874417	4.54409136	14.82027536	114.9779503	50.13128049	-7.702051196	29.40025745	119.5976053	-30.71606794	57.10854662	-25.84957294	-0.268617846	27.78694354	-419.2931367	3.342143902	14.8054336	-11.46329008	12.33078926	6.641376294
Chloris gayana	nat	1	0	3019	0.307	1.27	255.9724836	4.805397	21.58429117	20.54756396	23.42853236	16.99410874	794.2390244	141.5073171	13.70731707	73.06382161	375.3609756	52.16585366	289.9756098	84.82439024	12.40573475	62.21943689	266.0563797	29.76642559	9.414270354	20.35215529	22.53294129	17.57391273	144	203442.176	9.178760867	6.138708633	0.51801685	5.619380546	4.335912374	7.164780268	31.09430081	18.29268293	-2.373983581	0.536785693	45.30569004	-4.965853468	-168.0422754	106.3756082	-2.514068143	6.745849367	-114.3853004	3.893574636	9.812395905	-5.918821702	3.328169776	8.973864825
Citrullus lanatus	inv	1	1	8834.419566	77.424	0.965	242.7725733	40.276678	11.91284131	20.36997737	24.56228571	15.61141441	683.8591549	126.2887324	7.246478873	72.48583426	328.2887324	30.07746479	200.3591549	154.5	13.06054276	57.31871377	368.460232	31.36810128	7.898754523	23.4693467	21.31313276	18.28693372	422	445711.8761	5.300203673	13.10042744	0.501017175	6.508120754	3.883868376	9.515081396	98.67931365	62.35229286	-0.554171071	21.33342304	132.4805019	-1.18002861	-88.48735942	-20.96154096	-2.500072617	12.41005187	-231.0977539	3.608822441	11.87560452	-8.266782832	5.75866204	8.202382482
Clitoria ternatea	nat	1	0	3879.350718	47.29	0.549348726	233.0011338	29.505945	8.526886759	24.27860329	26.06846609	22.12406428	994.0080645	216.983871	11.08870968	88.93898066	530.2822581	48	321.6935484	145.3225806	10.75155899	68.67957257	162.6221594	32.06256948	16.23264966	15.82991978	25.05010523	23.0900461	243	450041.7413	7.522116946	7.826564961	0.564297921	2.358992772	2.027894079	2.823636948	-135.8586378	-17.70800837	-3.594456831	3.712126803	-37.19030229	-17.11494229	-192.8774555	-6.104189819	-0.306252494	2.264734563	-32.61616648	2.346626124	3.375396277	-1.028770515	1.805450334	3.231984594
Cocos nucifera	exo	0	0	18166.75	503988.826	18.28	261.9974096	16.57905395	28.19726716	24.81651485	26.21700042	23.14158247	2122.507177	321.3588517	69.18660287	54.05639143	870.0191388	241.8038278	593.6315789	413.4066986	8.08809815	71.37973601	125.9481973	30.6386133	18.71453203	11.92408128	25.48286268	23.82495685	422	401771.9869	5.063764822	14.87618493	0.514344453	2.064889492	1.950591944	2.324158581	-1148.359028	-95.21070112	-60.37178793	39.21403511	-300.3524721	-207.544569	-453.6315791	-203.5733676	1.644154819	1.142627864	-13.62084346	3.303979317	1.665097533	1.638881727	1.334729731	3.12349981
Coffea arabica	exo	0	0	3760.28	189.904	4.57	228.6400441	14.1550516	8.319338159	19.83647356	21.42874994	18.06525926	1268.098039	225.745098	23.94117647	67.11716929	564.7254902	94.43137255	344.3921569	251.9019608	12.33306916	71.32897074	138.6561127	28.39982676	11.04823528	17.35159154	20.42267863	18.66503108	244	43395.2727	6.143070636	12.72371307	0.420355594	3.994915424	3.848287104	3.989184989	-240.6091395	-14.90065427	-11.0967321	14.78158076	-18.4588276	-49.49803966	-168.9921547	30.58693133	-2.123624792	-1.829079841	-6.582188999	3.091284486	5.709542319	-2.618257953	3.651395289	4.864598439
Coix lacryma-jobi	nat	1	0	4674.509337	51.334	1.288815976	257.2527098	16.25939	22.73112179	19.03744564	26.0756571	11.11457433	1560.569024	305.5016835	29.06734007	73.27570804	790.2929293	106.9191919	608.6094276	161.6329966	8.364643842	34.66189668	611.2869901	31.05247146	5.790751462	25.26171997	23.98018095	12.52010113	234	342118.9243	9.508643289	9.972480239	0.607528883	5.980147113	0.359528012	12.19190734	-600.3467844	-85.390569	-18.4006734	17.95249732	-243.0151532	-65.9747479	-493.6649823	11.64478072	1.166837424	34.60382751	-483.4916772	1.358639736	12.82591485	-11.46727573	1.019819046	12.78730624
Commelina benghalensis	inv	1	1	3.179104934	1.8844	0.349065782	261.2779803	12.251917	8.9847197	22.78361306	26.21078871	19.04603723	1221.196825	247.6920635	17.1031746	82.85882667	626.0396825	67.5952381	316.952381	235.8142857	11.00098063	58.17926895	292.528918	32.58731907	12.37487365	20.21244538	24.04522139	20.62246436	145	212446.8224	8.070269567	32.53202226	0.636439285	3.452646857	1.521751007	5.350259041	-400.9230148	-60.04126914	-8.765873031	5.545598952	-156.4642829	-33.76984127	-185.7301587	-76.63968272	-0.975220078	11.42590603	-154.0033817	1.259109462	6.985840615	-5.726731173	2.409805097	5.463580657
Cosmos sulphureus	nat	1	0	1160.505818	6.85	0.74201781	230.5201926	12.453262	8.305646625	22.0382374	24.55079253	19.21824893	1109.673973	231.969863	14.20821918	94.99286791	615.9808219	54.55342466	390.1068493	113.2438356	13.95006718	67.90064406	219.8543026	32.32502689	11.20795619	21.11707078	23.70659477	21.15376832	142	90902.84749	9.361834692	10.2733753	0.652975935	2.543163511	1.56466641	3.398176129	-203.4131017	-57.57855933	0.21207068	-21.7705321	-167.3721256	1.040778877	-184.4691689	33.75616434	-3.712869039	1.119143773	-74.86618543	-0.035171595	6.148565498	-6.183737176	1.399202541	2.780048173
Crotalaria retusa	nat	1	0	75	21.918	0.866	233.4282876	8.744569	8.026676857	26.23274147	28.88249346	22.85239374	1485.641148	339.6507177	21.73684211	98.14190265	843.9138756	82.62679426	381.8899522	208.1052632	11.14555315	61.10813897	246.0811011	35.03334259	15.83300486	19.2003377	27.46159063	23.76439894	218	118758.4737	8.719472326	30.88687843	0.556962002	0.682405526	-0.600467283	2.489436342	-557.5391884	-115.3213064	-15.08194017	0.040060833	-283.992306	-55.78365695	-259.6938731	-53.97585139	-1.154866826	10.18709975	-125.7072587	-0.698048629	4.37562252	-5.073671027	-0.536296535	3.104293772
Cryptostegia grandiflora	inv	1	1	4593.138961	8.57	1.728839889	227.2329958	42.482089	11.91708839	24.48434435	27.34504788	20.65746989	737.0357143	179.4285714	7.321428571	100.6478321	465.6785714	27.71428571	419.9285714	34.57142857	13.89248661	65.94105203	281.7085939	33.80785738	12.69526829	21.11258902	27.31117902	21.38028104	144	299647.3364	10.04708762	42.85236623	-0.061730447	2.782761007	1.469718349	5.027325343	117.9818253	42.82581547	-3.470551393	4.662340881	75.29511198	-10.05639123	-323.1303261	104.9724305	-3.095849247	4.625018328	-155.2957968	1.642142281	7.349468471	-5.707325896	-0.122582701	5.596473199
Cryptostegia madagascariensis	inv	1	1	3453.723252	6.57	1.842184881	227.5555995	42.482089	11.85162431	25.76459356	27.61830279	23.01321932	1124.846154	318.8461538	4.307692308	120.0286865	781.7692308	18.5	556.9230769	21.03846154	12.23716501	68.20554293	195.9578171	33.65938289	15.60606502	18.05331788	27.42930493	23.37801603	69	324861.7554	6.429752257	30.77845217	-0.305845194	2.086100774	1.516512049	3.646039841	-231.6461518	-88.21282026	-1.263247858	-14.28084157	-214.9803376	-4.977777767	-484.2341887	185.939315	-1.483368656	5.531694745	-94.02751287	1.931727972	5.308379525	-3.376651172	0.063287755	4.545502403
Cucumis anguria	inv	1	1	6949.840236	8.122	0.278315768	243.8540112	40.276677	8.874648641	21.72455428	25.0083101	17.14872877	428.0232558	106.627907	0.488372093	110.2358686	277.5348837	3.093023256	171.1162791	4.046511628	14.64183724	59.73437695	330.5389064	32.63497672	8.046418611	24.58855817	24.31075966	17.24018609	229	83089.44896	5.050987977	64.97795103	0.095393267	4.364370222	2.711632877	6.964518833	322.9511024	75.86781919	6.426157805	-16.42920331	165.2770795	25.59928452	-38.49234787	87.44921508	-4.178090817	9.167814113	-182.5476714	1.532544733	10.8552909	-9.322746132	2.248642077	8.388018889
Cucumis dipsaceus	exo	0	0	3797.968938	4.33	0.1	243.1681087	40.276677	20.88153518	23.03852054	24.62021765	21.22482981	692.4693878	138.7346939	9.204081633	81.5024425	314.3673469	37.12244898	205.0816327	87	12.26680945	72.49276539	139.0379145	31.75551021	14.72089802	17.03461221	23.64960542	21.77951007	68	84705.75514	15.82465857	15.32885604	0.489980387	2.132709594	2.263027481	1.748186081	-10.15721909	11.87377068	-0.219954614	1.065461416	53.99244078	-1.551020469	-57.11866949	5.55555554	-1.840486744	-5.136573783	23.23631094	1.564066201	3.09603327	-1.531966761	2.35162921	2.617315357
Cyanthillium cinereum	nat	1	0	389.71	0.177	1.35	233.376442	23.770757	13.51422105	22.52722929	26.37171083	18.05721977	1420.106023	265.7873275	29.60727729	70.81448623	694.8782936	109.7314931	455.3017566	212.8155583	9.972712658	53.6140897	338.4196444	31.94397909	12.12780828	19.81617081	25.04025435	19.20888458	160	386139.521	13.91238589	9.01616482	0.722031117	3.629107371	1.169261165	6.387224652	-462.4185245	-60.34982557	-19.19061069	11.16875319	-179.3782926	-68.02316008	-298.2600898	-26.1905596	-0.27496957	17.18844393	-209.8215547	1.445604977	7.407608318	-5.962004065	1.37606478	6.873060126
Cymbopogon citratus	nat	1	0	270.066583	1.3831875	0.681737209	256.1668236	9.538833	16.50825587	26.6857693	30.57994872	22.28564094	1243.384615	346.8461538	11.92307692	112.3293457	813.7692308	45.69230769	249.1538462	152.4615385	10.8315382	50.06976201	332.3309185	37.27446101	15.01692321	22.25753755	27.28646176	24.82215397	199	259531.4565	9.630495947	9.400697379	0.42844787	-0.371301633	-2.755180096	2.331719973	-366.9262782	-140.1933762	-5.006410286	-19.24039984	-301.4497817	-18.03952976	-132.3899572	41.85790453	-0.650519709	19.89242226	-200.3690741	-3.198071779	4.395576777	-7.593648538	-0.889702406	1.541734848
Cynodon dactylon	inv	1	1	85.27	0.172	0.181	254.5788619	18.140638	9.057279155	20.26270857	24.06466718	15.87232651	735.0193906	138.4390582	10.43213296	76.0725259	362.1454294	41.32963989	247.5373961	109.7299169	12.67602769	58.67789205	338.5268197	30.79736204	8.415670205	22.38169182	21.45168676	18.50664289	420	113645.8301	5.470944926	39.15728161	0.541685279	6.155889001	3.956606411	8.664800824	86.89931059	59.31703846	-2.48904349	19.34089778	125.2935924	-9.963786277	-131.4886157	16.16439166	-2.400621063	10.52475872	-195.934019	3.592068728	11.04855726	-7.456488545	5.242757706	7.556636196
Cyperus esculentus	nat	1	0	912.4918213	0.158	0.355	257.8583746	4.984513	16.92608054	15.26684316	23.93384573	7.176089419	597.1111111	94.66666667	14.88888889	52.90687095	249.2222222	53.22222222	56.33333333	226	9.972276052	35.24119483	687.9308675	30.84590721	2.623129692	28.2227779	10.13268206	23.70436393	229	46447.104	6.632723008	38.78254123	-3.466054251	12.4067681	5.204487779	19.03113276	286.9555454	132.8333356	-9.122222286	51.20482224	313.7111121	-28.48888849	38.03333384	-127.7333324	0.37439057	36.17100533	-568.9549871	4.684093094	18.35353695	-13.66944471	17.53287351	3.853413857
Cyperus rotundus	inv	1	1	324.51	0.228	0.68	256.7414604	4.976443	9.050605982	19.19335376	26.03039758	11.8898138	1334.456566	231.1494949	29.88080808	69.48192965	609.8222222	109.1353535	470.2121212	218.0424242	8.90856546	40.25630616	577.9669064	31.35964293	6.698482615	24.6611603	21.86893097	15.79116081	292	182963.4867	7.939041334	32.83487113	0.329057746	7.118052005	1.750578799	12.68358687	-485.4969709	-31.69494949	-21.54747479	24.11515988	-112.4686876	-74.37777805	-330.79798	-113.8909095	1.306165121	29.90585651	-446.5467133	2.646417703	12.67727507	-10.03085738	4.674840021	9.991330582
Dactyloctenium aegyptium	inv	1	1	936.6368404	0.263	0.837	255.038688	24.441661	9.318075128	24.56956792	28.06913406	20.53795933	1187.121372	250.0712401	16.74934037	90.94925266	634.4076517	64.9828496	349.8377309	195.671504	10.7120723	56.22154979	308.7156957	34.21208426	14.03457024	20.17751402	25.53368551	22.62881493	232	308601.3891	10.14223502	35.71031625	0.453144664	1.900229556	-0.009105726	3.987464459	-443.7739157	-73.07971468	-9.83973585	1.190232715	-201.4161273	-36.38962918	-225.2671088	-81.99636288	-0.458964988	12.73495671	-162.6010322	0.121249017	5.355542808	-5.234293741	1.30374394	3.393595593
Datura innoxia	nat	1	0	9066.682962	13.792	0.8	231.057082	37.54611	9.4519832	20.60645589	24.6226536	16.00668489	652.0614525	143.7541899	7.782122905	91.04724285	370.6145251	31.12290503	252.2569832	50.08379888	15.38473641	60.77908681	354.5493254	33.06662928	7.273282699	25.79334667	23.65042339	18.5610017	181	52688.2857	6.679579471	11.20047382	0.351194664	4.719078052	2.545722297	6.988186986	-35.77940201	-1.805472387	-0.24366144	-3.935953167	-39.07606125	-1.430597189	-101.5903174	9.198252057	-4.057172388	6.600023379	-183.4540782	1.171832433	10.18825591	-9.016423639	2.676499686	5.539425484
Datura metel	nat	1	0	14832.84514	12.473	1.209915688	230.0544511	37.546376	12.52652445	19.30919437	26.08513128	11.29616386	1350.809524	249.75	21.91666667	76.21932843	674.6071429	80.58333333	621.4166667	93.28571429	8.577905263	35.6332083	607.3446902	30.64143047	5.796193686	24.84523678	25.11736781	12.35812939	227	179544.8177	9.243985689	21.14654834	-0.068270827	6.627842778	1.484313216	12.69041063	-619.3095238	-89.05555598	-13.61111116	6.308191118	-279.7460309	-46.50000024	-479.6111104	42.07539561	1.313761467	32.75260605	-456.0430628	2.911347298	13.11491727	-10.20357021	1.521521182	12.86085188
Datura stramonium	nat	1	0	14738.85	9.18	0.796	230.8323663	37.5457655	7.961024191	18.61684146	21.19845238	15.55560964	876.8138528	188.6450216	8.961038961	94.84628271	503.7186147	34.96969697	294.0779221	51.93506494	15.09270232	65.60602799	230.5431769	29.85761036	6.72138097	23.13622941	20.26098484	17.05581599	188	79007.19514	8.685112509	49.55746066	0.206993449	6.315140472	5.403649694	7.270066016	-157.5525918	-43.54592241	1.975897991	-18.07590429	-135.9168124	7.255528518	-152.7535983	100.3442147	-4.712372003	2.616645786	-71.8547991	3.079326453	10.98132178	-7.90199504	5.055381409	7.647787501
Delonix regia	exo	0	0	9005.416379	399.549	15.24	230.6051264	38.871912	9.232888666	24.28570503	26.06816924	21.71566597	1368.75	303.6875	21.625	96.19915247	787.4375	80.8125	650.84375	102.125	10.64687252	67.80942869	185.5316911	31.43818957	15.64999674	15.7881929	25.96852773	22.30788866	168	364518.015	5.159978542	10.14546874	-0.461536877	1.514673683	1.314406319	2.201758062	-545.8712103	-121.839016	-12.04924247	-12.62638504	-333.37689	-41.93371205	-496.2225376	20.89015211	-0.439549229	0.813328266	-42.7283838	2.240598185	3.093942484	-0.853344156	0.202937099	3.083778102
Desmodium incanum	nat	1	0	4618.226326	0.97	0.284	233.5774779	23.031604	8.146178307	23.34215379	25.23576719	21.15101273	1752.134568	279.3802469	43.38518519	59.86764892	745.7345679	156.745679	455.0567901	337.8888889	10.25982643	67.93223395	169.2943949	30.91529792	15.41148374	15.5038142	24.24889478	22.1800693	422	85976.27699	7.498506011	10.03734235	0.552522793	1.569155679	1.207354585	1.801632892	-869.7853669	-112.2850095	-30.55978837	14.70936237	-311.5123433	-107.8885361	-255.3425044	-175.0158711	0.243215883	1.822381469	-24.73494262	1.819622677	2.205976691	-0.386354082	1.155602544	2.275750961
Digitaria bicornis	nat	1	0	1239.160993	0.6836	0.431785463	254.6114448	13.072111	9.448456552	25.69966881	28.99747437	21.33107627	1026.369159	234.6962617	8.462616822	99.85155307	624.9158879	34.1728972	384.2476636	47.93925234	12.27677045	56.94370321	312.5516375	35.48990168	13.60739946	21.88250219	28.09669905	21.90065711	218	173189.4641	4.374280029	25.60392546	0.516158517	1.734457909	-0.196085422	4.467336525	-280.0834413	-38.99388055	-4.141188242	4.74492907	-147.2730323	-16.45861148	-281.7238543	61.53693738	-2.222802277	14.70460799	-188.9210859	-0.543473241	7.240219738	-7.783692773	-0.493326132	5.479699955
Digitaria ciliaris	nat	1	0	554.98	0.563	1.14	254.5340516	13.072098	9.225723105	14.71276143	23.85667073	5.150134556	1393.773469	242.8816327	38.28979592	64.95675787	628.1244898	133.8693878	565.8428571	164.1020408	9.188732788	32.7791993	763.4003419	29.34383017	-0.559701192	29.90353136	22.31028397	6.202584257	144	78881.64454	7.426272959	83.76740741	0.111141188	10.78461496	3.405520568	18.16560613	-676.2179164	-71.63163308	-30.91016633	26.80952908	-219.4670822	-104.0916101	-425.3058201	-80.25944834	1.38086594	34.27118024	-601.2775471	4.547836563	18.63562702	-14.08779064	3.867339515	18.46670602
Digitaria horizontalis	nat	1	0	960.3074989	0.678	0.489167045	254.5752631	13.0721	9.345042407	24.17733959	26.20607442	21.89532044	1619.298578	269.7630332	34.75829384	69.67800262	728.4976303	127.6445498	425.3127962	306.1090047	11.06011864	68.01154671	178.5857754	32.41702235	15.65934285	16.75767946	25.21472259	23.02400268	293	760292.311	8.506334204	4.714739448	0.551129794	0.573268254	0.240453418	0.61683247	-808.6319179	-111.6172021	-21.25829384	3.104684086	-326.6434614	-75.12371603	-226.8961278	-177.6506698	-0.763764526	-0.507964231	-14.66577935	0.310060501	1.726073899	-1.416013124	-0.047708466	0.921136136
Digitaria insularis	nat	1	0	469.1959087	0.45	0.805907442	254.3792262	13.072089	9.572443789	22.46379622	25.56813008	18.87025308	1236.062167	209.4991119	28.08348135	67.51096284	553.2326821	103.8028419	379.0763766	175.7353464	11.90147229	61.78417155	276.449275	32.04296803	12.07834188	19.96462614	24.57629801	20.16036781	293	394523.9347	12.62963171	24.48224145	0.508571975	2.904556847	1.521949277	4.23292172	-522.2129558	-72.62609681	-15.7104655	4.174333995	-206.9390325	-55.71554023	-213.0684396	-44.44169501	-1.540956517	5.669819844	-109.9139878	1.353857486	5.955785058	-4.601927743	1.357432301	4.508150527
Digitaria nuda	nat	1	0	774.5788113	0.493080769	0.40737401	255.3672277	13.0721	10.06867659	25.01554547	27.14569687	22.96563637	1230.606061	242.8787879	7.878787879	89.70349722	618.1818182	37.84848485	369.4242424	181.6060606	11.26854556	66.33906671	175.6674765	33.54218165	16.07721228	17.46496943	24.95349468	23.46505061	243	178978.4064	11.75744492	6.04682101	-0.277309423	0.629756574	0.290904655	0.569330941	-491.8511518	-60.0258467	-1.712121287	5.622776977	-181.2798572	-11.71123005	-232.9830645	-92.4786091	-0.457679536	0.485144862	-16.07290189	0.724485379	1.967886001	-1.243400848	1.294544679	1.365178083
Digitaria sanguinalis	exo	0	0	504.81	0.517	0.265	254.6675928	13.07211	12.9031594	10.47644835	18.35921752	3.001900556	771.6511111	90.46444444	40.87888889	25.05154127	249.5940741	139.2396296	188.5477778	194.117037	8.76963845	34.57130383	629.2680134	24.72888091	-0.871291845	25.60017276	12.12068065	9.628034417	292	158936.7931	6.156546024	203.1639907	-0.930406372	16.06876758	9.646955404	21.78976622	19.88592706	104.794813	-35.13814813	72.14780188	229.7762991	-115.3507407	-56.95518575	-100.820741	1.778509705	36.44096847	-498.0411333	9.691489295	20.37499555	-10.68350614	14.86110947	16.56301495
Drymaria cordata	nat	1	0	75	0.19	0.237187385	246.505726	140.225219	13.91256816	20.74389355	22.1771611	19.07568944	1892.077821	300.4241245	46.51361868	65.33893114	802.9883268	172.3540856	491.6848249	380.6575875	10.87023802	74.55036637	128.2234596	28.16637826	13.0230208	15.1433575	21.47760963	20.00270911	240	238.397744	9.493061665	7.225437944	0.390436782	3.438264552	3.575830213	3.150379057	-1007.770129	-133.3215602	-33.41105449	3.85284514	-375.8601202	-119.0207519	-360.3002092	-123.4780984	-1.443528621	-5.759128611	18.17107109	3.343877991	4.741082061	-1.397203811	2.500595392	4.549855072
Dysphania ambrosioides	nat	1	0	1201.25	0.264	0.528	245.85957	87.322186	9.808820494	20.75278877	23.36614844	17.80402982	1238.866972	221.5344037	29.20412844	74.07201222	587.412844	102.0963303	375.2087156	193.9862385	12.33630467	65.45370903	229.1551648	30.18198547	10.82767858	19.35430688	22.28321769	19.50847912	244	392574.3698	6.335164463	31.3685397	0.563326437	4.342805176	3.539311363	5.192905033	-503.0968588	-42.00566874	-22.66964572	19.75105226	-160.6082436	-75.25724978	-241.1857272	-119.5437092	-1.690806615	1.232403798	-69.63162557	3.449049188	6.805079952	-3.35603097	3.393314952	4.747651166
Echinochloa colona	inv	1	1	675	1.641	0.8	255.4519371	19.331767	9.809359628	16.81879595	25.25235014	7.417741156	1213.990291	218.8252427	21.91262136	71.25426002	583.4563107	79.46601942	539.9514563	89.67961165	8.906911734	32.04468522	727.1089386	30.37064549	1.778128121	28.59251735	23.79704266	8.555892904	222	284498.5262	9.554426465	139.9744141	-0.082325939	9.765025427	2.967319511	17.2541807	-445.9137161	-28.36127924	-16.01172045	25.91733388	-121.8211737	-54.64169494	-424.1766818	16.26633427	1.515986197	36.52948626	-581.6745915	4.289714799	17.62232235	-13.33260741	3.062041339	17.64350637
Echinochloa crus-pavonis	nat	1	0	556.5786614	0.4956	0.912562981	243.338353	28.388399	9.721040346	20.60540832	24.50763854	16.36547932	1181.043689	196.0048544	27.74271845	66.08321409	522.7378641	101.4029126	333.8713592	195.0242718	12.45573493	58.9893276	333.1323529	31.53274144	9.324392694	22.20834879	22.56390716	18.47491195	230	131845.9884	7.700123188	9.173356065	0.671471606	4.922048987	2.578258906	7.138366923	-383.4539465	-21.51767351	-16.99912873	19.16405546	-88.35324752	-61.04393769	-182.999563	-74.10119595	-2.35210241	9.892947319	-184.7872953	1.828796931	9.224325318	-7.395528131	3.534383358	6.520814851
Elephantopus mollis	exo	0	0	5227.04	1.17	0.112	230.3556423	3.195622	7.808586332	21.82455791	23.87541444	19.51032792	1763.819263	273.4565993	48.49821641	57.92972253	737.5802616	173.2996433	476.6373365	324.411415	10.60636094	67.80452323	180.6739363	29.69372026	13.49177771	16.20194255	22.86871191	20.34106751	244	9390.149632	6.662063372	23.0600186	0.589802085	2.598690957	2.075430984	3.052715429	-773.9352064	-75.18848246	-34.58517297	19.26835463	-219.4860568	-120.8068898	-277.0866107	-75.79547317	0.244242871	2.144534969	-39.7539082	2.783815775	3.395178715	-0.61136302	1.942278302	3.361830886
Eleusine indica	inv	1	1	769.08	0.367	0.303	254.6384594	19.490217	8.982552896	19.28082102	24.64212029	13.68723083	1358.09434	249.5834543	25.50507983	72.44588893	637.8896952	96.52249637	455.1654572	234.0682148	10.20402963	51.53663311	447.6931157	30.58020769	7.57467972	23.00552793	23.09240837	14.52144483	126	195126.3949	7.522613812	34.66443117	0.371796274	7.107450483	3.324422818	10.8469667	-483.0498952	-50.39086259	-15.816191	16.57646308	-139.7711782	-57.67805188	-330.2839756	-45.84599137	-0.143659225	17.53619014	-305.2289596	3.531644151	11.89939433	-8.367750201	3.241048435	11.74769092
Eragrostis cilianensis	nat	1	0	94.11	0.07	0.222	257.1971324	20.604433	15.37732937	15.10210058	21.87473432	8.342121979	781.08829	125.2351301	25.01208178	53.09864735	326.6087361	90.74535316	226.2583643	147.651487	10.64559004	42.96223484	554.7528428	28.61002218	2.661139379	25.9488828	16.82975743	13.89914953	217	109457.0721	6.103551231	64.45076241	0.670512145	10.82029089	5.861851013	15.35543905	-134.8931665	42.40714582	-20.13403302	45.07025963	65.48882566	-70.12746705	-114.1526733	-84.62709716	0.051632186	23.68004984	-389.1157039	5.889164917	15.75105583	-9.861890886	9.774172178	11.15152821
Eragrostis ciliaris	inv	1	1	675	0.02	0.671	254.7021394	20.60443	8.90755853	25.50018599	28.84118726	21.81728171	791.9130435	177.7237852	6.621483376	92.53790878	444.140665	28.84910486	198.1841432	166.6675192	11.48733581	59.15373128	288.5257425	35.37167146	15.15233845	20.21933301	25.07513327	25.81734908	244	257438.0892	8.878716933	16.66756429	0.419258716	0.633943648	-1.085187245	2.303829337	-59.35748847	-6.64822995	1.134072168	-2.451069738	-28.12288603	1.955339702	-74.35747724	-35.26307451	-1.218187648	9.356335812	-138.1982973	-1.266782719	3.886772666	-5.153555307	1.55397791	-0.109719528
Eragrostis japonica	nat	1	0	1106.108064	0.015	1.65	255.7106287	20.60443	10.96035764	22.69996989	27.38768647	17.42697724	1161.511041	260.681388	14.55205047	98.11449807	662.2082019	55.50157729	393.3343849	111.8485804	11.26854829	49.96359651	407.3707537	33.84853518	10.2348861	23.61364907	25.05713065	18.91203155	422	143365.4559	7.922598769	7.367274518	0.81965816	3.458149753	0.316159801	6.896099593	-406.7674497	-67.63010616	-9.295640223	1.722412768	-194.8748631	-35.16824387	-260.2831037	-13.07935129	-0.492907287	19.49694631	-268.3276089	0.528387718	8.554857469	-8.026469523	1.604407838	6.670874291
Eragrostis pilosa	inv	1	1	1099.976663	0.049	0.212	254.8188951	20.604433	9.208127462	11.78947382	20.88554279	2.427839632	852.7377911	135.7167543	30.79939895	51.15769179	355.637115	107.1006762	284.2524418	147.9120962	9.917585029	34.94297664	753.219076	27.34386801	-2.966986388	30.31085436	17.0430175	6.824481784	230	157671.1619	4.874417653	102.7516716	0.70474457	14.15012168	6.727517677	21.47752104	-100.7143975	43.75108096	-23.27893111	40.69928618	81.39212357	-76.53927262	-154.866476	-32.5436745	0.466186901	33.11151136	-600.028216	6.758471086	21.71786368	-14.95939235	9.48709964	18.49062533
Eragrostis tenella	inv	1	1	271.0055748	0.101236047	0.192232232	254.609265	20.60443	8.946641581	22.92280052	28.13368567	16.93638047	1685.931034	357.0275862	31.7862069	88.90420602	907.9586207	114.537931	641.1655172	190.5448276	8.786572124	42.27070386	456.2247875	33.34616779	11.25695802	22.08920977	26.16926727	19.26659667	157	194470.5597	17.37910091	47.15382358	0.58362573	3.024143851	-0.435907938	6.815670719	-969.4284682	-191.2122019	-23.1810787	-1.783894341	-506.7278503	-80.07126431	-504.2116713	-83.93969927	1.593043197	24.69252205	-292.335215	0.835883527	7.368170194	-6.532286752	0.43406601	5.895967333
Eriobotrya japonica	nat	1	0	12693.05	1443.803	6.082	244.1310211	197.923438	13.71245735	16.16365433	25.20065374	6.524405641	1388.003861	236.7027027	33.3011583	63.5024375	621.3938224	119.7915058	560.8262548	133.0656371	8.298466252	29.02517888	761.107457	30.26720012	1.310935272	28.95626487	23.2027081	7.647760345	192	161309.9827	11.174301	27.98828715	-0.053634465	7.391504559	-0.110971027	14.97162598	-540.9562449	-67.79794152	-22.53925365	13.45711799	-188.6795323	-77.50579205	-387.3500648	114.601026	2.317406813	40.55374612	-611.023271	1.180418633	14.83668398	-13.65626495	0.71633966	15.47763638
Eryngium foetidum	exo	0	0	4086.547068	0.362	0.293289267	240.6709291	187.46054	16.58439796	23.59705979	24.79183284	22.22694839	2113.831643	324.0770791	54.52332657	58.12619465	865.4016227	197.7383367	495.0993915	461.969574	9.749519515	74.78270721	105.7988924	30.29318327	16.94843691	13.34474636	23.94132889	23.11220079	244	922.863616	6.802455289	4.101969174	0.575305004	2.223972322	2.290706858	2.08336879	-1090.212598	-119.1246974	-36.5233265	15.23161223	-333.0206718	-132.7859563	-344.3851079	-183.2552851	0.113972498	-2.747196742	11.16124401	2.640149721	2.261087247	0.379063424	1.961052191	2.575101121
Euphorbia tirucalli	inv	1	1	814.7025641	14.9	4.646	235.067851	22.63826	10.48870391	21.63955383	24.58131813	18.15768176	871.4794521	179.6986301	12.97945205	78.20343502	454.5924658	50.33219178	305.0719178	79.76369863	11.96753798	61.4581467	263.8151174	30.74268932	10.82621138	19.91647787	23.44984257	18.95574786	160	243605.3893	8.091009975	16.84798277	0.491521175	3.739946294	2.419570618	5.218540624	-179.4927834	-27.20529762	-5.206118782	7.707948037	-75.23246697	-20.85219151	-167.9119156	51.87630259	-1.55120463	7.894156771	-114.2017142	2.525310708	7.384455319	-4.859144302	2.609935341	5.812696426
Ficus benjamina	exo	0	0	1702.14	25	13.551	243.3884755	15.898709	10.51864518	24.45698138	27.78009367	20.56552864	1593.988142	311.7272727	33.70750988	83.75948561	814	123.5296443	477.7549407	199.284585	9.980807105	56.49257547	291.3158949	33.50697764	14.49836173	19.00861596	26.16352268	22.34459269	118	360792.0968	6.923417244	3.430654254	0.808691466	2.171192993	0.54847792	4.198757402	-816.5595752	-115.2510797	-28.61227188	17.64457475	-336	-98.67250168	-357.659703	-151.7607755	0.700145376	11.40293452	-145.7791397	1.602546134	4.796876359	-3.194330274	0.83171494	3.308581847
Ficus microcarpa	exo	0	0	2209.782222	0.33	10	241.588023	15.89871	13.77562662	23.10068505	26.62634455	18.92362876	1902.532808	340.5800525	48.69291339	68.31717214	899.1102362	172.0787402	667.2493438	255.167979	8.258086011	53.49950977	315.9578436	31.27043868	13.99569996	17.27473874	25.60581907	20.16311894	208	471685.9884	11.98940771	7.730911788	0.29506322	3.366180215	1.496671262	5.72002211	-1227.389951	-185.9133851	-44.16910388	23.71274926	-512.9673813	-153.5549302	-535.5826775	-189.1203593	3.949453412	17.46940263	-173.3718364	4.024798728	4.080490171	-0.055691062	1.110847559	5.348785645
Gliricidia sepium	nat	1	0	675	102.534	19.81	231.0478077	115.262924	19.8576647	24.6887422	26.55144376	22.53551728	1587.471655	302.9387755	21.22902494	86.63530534	798.2131519	78.55782313	420.5578231	200.6712018	11.62592362	68.83673299	165.2127922	33.119697	16.02145004	17.09824697	25.57511964	23.88540574	126	200320.1229	7.848691955	3.606026019	0.116026303	0.123758074	-0.034777345	0.036705294	-822.8526106	-176.0340154	-4.086167937	-25.3185149	-466.4988619	-16.31972771	-240.7959158	-26.52834685	-1.535050717	-1.281043859	0.627722933	-0.524458719	1.626168521	-2.150628213	-0.279088234	0.559832642
Gomphrena globosa	nat	1	0	1926.858362	5.05	0.405297503	245.2179126	16.748802	12.31060107	21.96606712	22.9385334	21.00400047	1808	324	9.8	81.71878815	824.8	41.6	346.6	344	9.346800232	75.63169708	78.65793457	28.45200043	16.05280018	12.39920025	21.99693336	21.57906723	243	66391.01133	7.268552123	3.540047361	-0.111391152	1.411016417	1.975355291	0.395305347	-956.0416718	-161.5416689	6.658333194	-14.69766951	-408.091666	19.73333325	-148.8916656	-210.4166675	0.325421846	-7.81305685	68.7786046	2.260499191	0.326366782	1.934133124	1.996816969	1.100099802
Gossypium barbadense	nat	1	0	12584.12599	124.367	1.342	239.7713546	38.320167	9.280992209	23.56665346	24.51323976	22.57417965	1722.977273	227.5454545	86.34090909	61.12723637	618.1931818	282.2954545	490	362.6818182	10.03845729	81.26811188	80.7845864	29.796964	17.32466877	12.47229526	24.03616694	23.05660928	232	14912.5335	5.437301494	9.636130275	0.454356223	2.284834928	2.997871088	1.326217379	-963.9534712	-64.64069228	-77.81709967	23.05970887	-205.1217576	-247.0097404	-334.119048	-222.4199133	0.730391951	-12.22859107	70.5967618	4.293512722	1.120569416	3.172942592	2.423356671	2.024740089
Gossypium hirsutum	nat	1	0	6075.361125	75.439	1.82	239.4480401	38.320167	9.73952451	24.49095033	26.80632632	21.78998415	1217.602339	240.5409357	15.71052632	86.45172415	622.4473684	59.25438596	355.622807	133.0497076	12.55275706	67.20800644	206.7572132	33.80673183	14.76006928	19.04666255	25.92432844	23.46934728	155	82250.70285	11.1362164	10.05827141	0.412922783	1.795000623	1.043887468	2.739502869	-415.038237	-43.91273133	-9.941295556	12.17742404	-137.5242903	-34.76720667	-222.5458834	-45.56252823	-1.791966531	2.902426551	-71.0571206	0.661216862	4.246341066	-3.585123982	0.738919547	2.072319553
Hedychium coronarium	nat	1	0	14633.85487	13.69	1.314839324	262.2977631	95.377311	11.45299823	22.36272153	26.74355053	17.39944774	2086.828025	478.611465	24.75159236	88.65489933	1188.477707	95.23566879	699.4267516	351.9363057	8.465005689	44.25407074	382.8547929	31.76156739	11.80681294	19.95475442	25.10028302	18.92413614	216	181520.4987	13.49361857	4.269571699	0.578686937	2.164593615	-0.961143083	5.8024041	-933.9946921	-213.5559077	-13.25159252	1.946420301	-525.755478	-52.06900196	-519.9267557	-115.4363057	1.984068579	28.94659632	-278.621275	0.216210728	5.704298637	-5.488087883	-0.548431749	5.331419966
Hyparrhenia rufa	nat	1	0	475.84	0.3	2.5	254.1063752	5.923606	10.26753804	23.63767323	25.62518426	21.51820202	1220.528827	240.7693837	11.1471173	85.12474	631.2982107	48.32405567	338.0636183	256.6441352	11.56717603	66.80914943	170.530355	32.28970598	14.67419881	17.61550716	23.85339687	22.36124477	244	97971.2	8.433358936	9.92486759	0.482144466	3.493437786	2.826667521	4.151427653	-241.5510398	9.675057525	-4.436006164	19.55763508	-15.1870942	-23.10183346	-217.4636175	-134.9552459	-1.825694505	4.711111191	-58.5022531	2.172515927	6.085801042	-3.913284912	3.384751243	4.749496022
Indigofera hirsuta	exo	0	0	1194.995326	2.19	1.52	231.2866086	128.431319	12.34991012	24.81611	27.91230803	21.10316049	1257.526395	262.8295626	15.46304676	87.9716536	684.5580694	59.82352941	425.5128205	168.6606335	10.86757032	57.97756482	278.7081938	33.88759366	14.52471175	19.36288191	26.66128576	21.9943646	160	365938.3767	8.849301909	19.44225102	0.673009997	2.453227634	0.75507076	4.556668475	-345.4580155	-39.48768336	-7.847662142	8.237158432	-134.1050766	-29.04575172	-294.2136756	-43.84012086	-0.97447924	13.2059453	-155.3503268	0.768816509	6.127424858	-5.358608372	0.802104445	5.136547157
Ipomoea batatas	nat	1	0	9050	48.06155082	1.98	227.9698519	19.687487	16.06783383	23.2398695	25.00072046	21.13413672	1864.611905	331.1357143	30.83571429	76.24275673	864.4285714	114.3428571	451.4	275.5690476	11.15499663	69.02874428	158.8168607	31.40508513	14.94975981	16.45532535	24.06330333	22.4415542	422	361584.2632	8.146988218	8.032851519	0.295263783	2.168724153	1.810043374	2.64364095	-871.9035803	-113.8648794	-19.23154752	10.01929521	-314.9494092	-69.1553569	-301.2541653	-38.08988004	-1.234684132	1.573507012	-34.60743449	1.438664872	3.725240086	-2.286575242	1.310655017	2.962612621
Ipomoea nil	exo	0	0	6151	36.267	1.5	230.2184653	15.463932	7.770093209	22.76512156	25.58395988	19.71688283	1251.035346	222.7098675	25.80265096	75.69600185	584.544919	92.74521355	372.4712813	175.7540501	12.05163966	64.99224312	241.2972186	32.16295918	12.93009564	19.23286354	24.51865602	21.12966469	229	681256.0261	7.902639567	52.30184632	0.494369796	2.592428383	1.427768598	3.58359199	-507.1749494	-56.57311505	-17.08470225	8.803921362	-173.5078833	-57.9161536	-251.5425059	-27.73410757	-1.954061322	2.95965364	-86.87762737	1.107980797	5.41434889	-4.306367864	1.156795127	4.078359992
Ipomoea wrightii	exo	0	0	1148.037937	48.06155082	1	226.9603009	9.303935	28.15879	20.31887498	27.08753063	13.00407044	1252.478261	168.2934783	54.2173913	39.87460785	446.3152174	186.9347826	310.7282609	269.9347826	12.05003505	47.37351998	573.6093912	33.61084146	6.08135193	27.5294894	20.58637131	21.52792182	189	350199.4803	4.668875035	41.73488005	0.380046838	5.53131035	0.504876656	10.68833692	-551.9893693	-6.360145182	-47.43961351	47.49095026	-50.74855022	-158.0903383	-169.9727057	-190.0681155	-1.207812865	19.8130973	-412.5623577	0.662491898	12.03864783	-11.37615618	5.797517631	3.417818883
Jacquemontia pentanthos	exo	0	0	3485.131906	4.9841875	0.741611242	229.9040581	20.005468	8.048972796	24.5167313	26.65255334	21.97048569	1368.142857	240.2285714	27.6031746	71.65063877	635.9238095	100.9206349	405.9777778	204.4761905	11.70093324	68.16729923	193.6277932	33.12289721	15.45887195	17.66402531	25.89865027	23.14711977	292	549912.9692	24.34327078	40.21010383	0.455450536	0.846018895	0.380529636	1.318803496	-630.737455	-70.64298529	-19.88545693	16.21465193	-218.5003858	-69.83655082	-276.6894895	-91.26898368	-1.360067367	-0.210864239	-39.10051573	0.322147802	2.703590521	-2.381442763	0.070869369	1.805432841
Jacquemontia tamnifolia	exo	0	0	2971.987184	4.239	0.648052303	229.5614919	20.005467	8.626171001	19.8277937	26.46511648	12.72504687	1436.737401	185.5888594	64.47480106	33.48891605	502.6352785	225.1870027	372.4801061	348.3129973	12.2162056	48.30017812	559.0673507	32.95835397	5.883147238	27.07520673	19.53343557	20.64243002	239	654399.6355	7.189647091	41.6612869	0.621818183	7.277946906	1.98080955	13.02532367	-465.1596255	42.43336298	-59.07480103	62.43074897	75.12027467	-201.6314472	-249.2801069	-114.5574397	-1.808798286	24.4588383	-447.9695772	1.614979512	14.26574167	-12.65076227	7.332490283	6.362755039
Kalanchoe pinnata	nat	1	0	8631.205642	0.060076	0.557333516	250.869746	187.1540707	9.715007963	22.74974889	24.48551515	20.37802392	1478.961538	332.6923077	23.15384615	93.15274341	839.8076923	88.15384615	676.5384615	116.6538462	10.89376958	69.44461602	173.7212102	30.11496867	14.38860145	15.72636718	24.33308044	20.91641613	184	505377.8821	7.150957867	10.47293843	0.250752167	3.732691786	3.466072114	4.438642413	-527.0329736	-118.9304031	-13.91575101	-3.492442749	-298.2124535	-52.5109884	-556.3717936	144.7509165	-0.674126801	1.099381332	-43.67489567	3.954079397	5.068541039	-1.114462218	1.818110319	5.373266393
Lantana camara	inv	1	1	1042.65	8.01	2.785	226.2652981	8.787991	7.523069499	21.72376157	24.72076512	18.40096366	1407.13112	228.1979253	39.3340249	62.1934708	604.1452282	140.8908714	394.1497925	257.3983402	11.41109854	63.47074331	259.4860437	30.9951212	11.97256128	19.02255991	23.3883594	20.0822158	292	246853.632	13.45657279	131.4614498	0.705922626	3.65877549	2.284742504	4.96251807	-629.6929028	-54.04850017	-30.57253065	23.8437896	-171.4627568	-106.3377104	-245.3207694	-126.2072487	-1.091282913	4.741117348	-108.7971632	2.350999464	6.178300717	-3.827301304	2.453522783	4.781936516
Leonotis nepetifolia	inv	1	1	2467.842791	1.337	0.853285104	226.9832087	57.151536	7.605968292	19.32966378	21.06944622	17.0723051	928.8644068	175.4745763	20.6440678	73.66433787	429.0677966	80.3559322	263.3728814	147.9491525	12.94058197	71.70525108	165.3722035	28.55206784	10.0031186	18.54894931	20.30546896	17.58715259	245	248033.5094	6.426113027	66.64220044	0.392088011	6.367428863	6.343442671	6.583546775	-179.7666305	-6.652353981	-12.77740117	12.92417537	-12.56112913	-48.20482098	-127.9951033	-27.28248631	-2.18528563	-3.399022798	-10.67507511	5.442598783	8.221770299	-2.779171563	5.715938355	7.602106617
Lepidium ruderale	nat	1	0	63.91	0.198	0.153	242.9173739	14.022192	11.41871327	9.387577793	17.26178682	1.787112264	750.6794872	86.5534188	43.14957265	22.20886085	238.6723647	144.230057	210.2884615	174.1730769	8.322784433	33.43625605	633.0209407	23.3118641	-1.806317758	25.11818189	12.41825772	5.819457624	215	58164.71142	5.958445202	74.91601229	-0.243243192	14.41817619	8.131864051	19.7573325	-42.63187104	50.87515154	-30.81623933	48.67996689	109.0419254	-97.46815185	-28.81227288	-57.64926831	1.767294875	34.89148857	-471.1786969	8.169088569	18.50631798	-10.33722957	12.23174272	17.31387613
Leucaena leucocephala	inv	1	1	49.07	43.478	3.204	230.4467521	51.406765	7.623887045	22.99584967	26.59096737	18.96216319	1031.718593	193.3551089	23.38525963	76.36709517	502.6231156	85.37855946	338.1005025	127.1892797	12.63375409	60.18619317	313.8684638	33.45603428	11.79546875	21.66056552	24.9680115	21.48857207	229	195070.378	14.58050628	25.85525181	0.589701377	2.965233137	0.893839818	5.202235897	-165.6505687	5.685707137	-15.82743652	15.18249652	-5.187742778	-54.87515812	-195.474652	26.2120807	-2.26136179	9.508697765	-176.8830397	0.34396589	7.024939366	-6.680973602	1.315888815	4.16199477
Leucas martinicensis	nat	1	0	2328.973477	0.42	0.494522019	225.6153921	57.1512476	12.13270623	20.26630091	23.29055073	16.55145753	860.4673913	169.3369565	9.739130435	80.88288954	433.1413043	38	301.7717391	95.60869565	12.76040221	61.7900508	279.2255317	29.66421111	8.537080702	21.12713039	22.26478575	17.03142863	293	101112.9876	9.1079724	18.20876373	0.36697226	5.238623348	3.962732078	6.760916239	-190.3916342	-18.73089441	-3.011857708	7.570788071	-56.74736472	-8.409090714	-192.877799	11.4973642	-2.397523322	5.268922169	-116.5838316	4.026697932	9.731101099	-5.70440307	3.453143574	8.146349096
Macroptilium atropurpureum	nat	1	0	3330.085531	13.282	1.21	232.9900647	12.347622	8.202838188	22.53291502	25.22585783	19.47416472	1079.752669	212.4217082	16.29181495	87.69701217	554.9145907	60.22241993	330.6405694	117.3558719	12.93588404	65.67114837	236.1741384	32.43807732	12.22611042	20.21196689	24.30817852	21.35550324	97	426912.2847	8.578668626	13.3767078	0.61674869	3.512330734	2.370295865	4.662373781	-231.0859914	-29.37042604	-6.791814974	-3.980586349	-89.74792252	-21.77370142	-176.6533897	52.99028247	-2.831717309	3.675566972	-93.0147128	1.265768589	6.800812468	-5.535043987	1.907419807	4.464582286
Malpighia emarginata	exo	0	0	2429.490385	13.775	7	235.7011675	18.950048	17.77981642	24.70076185	26.75962335	22.3428506	1325.41958	232.5314685	25.68531469	73.25715716	612.9090909	96.18881119	367.6153846	262.6433566	11.13120402	69.09226643	183.1203698	32.77959258	16.12836088	16.65123172	26.02869225	23.59669951	111	527604.0561	9.220482856	4.528965479	0.719527876	1.823606785	1.368154446	2.459169735	-471.3286824	-18.6526788	-20.35198134	27.7201558	-81.24242609	-75.70396273	-238.1608381	-134.4312345	-0.696103209	0.101664803	-48.2576094	1.896164914	3.386790576	-1.490625508	0.718277671	2.482593483
Mangifera indica	inv	1	1	7854	14368.217	18.113	243.5509941	33.344339	8.516001886	25.88087665	30.02137443	21.42529551	1492.798851	418.2787356	4.896551724	113.3050667	998.9683908	28.97413793	292.1982759	258.0833333	10.7824812	49.79574571	345.637471	36.90803722	14.23532523	22.67271202	26.73031976	23.73404377	293	142939.3408	7.161487912	24.16212205	0.511117923	-0.241794955	-2.874923856	2.444920545	-619.196999	-225.352809	6.103448163	-26.11761916	-513.8202411	12.87771394	-146.2723502	-106.1203703	-0.720675674	19.86963053	-209.752399	-3.61637061	4.535971109	-8.152341647	-0.834332146	1.697283416
Manilkara zapota	exo	0	0	2211.859994	126.74	21.524	243.6043876	6.417373	9.240270137	25.09102202	27.07126678	22.61898716	1588.592593	285.537037	28.36111111	74.58064541	746.2623457	103.058642	418.537037	210.1358025	11.58931999	67.00291554	183.7762341	33.73282737	16.30036785	17.43245952	26.16839837	24.22147765	231	37452.66893	10.32754651	3.985652756	0.289292897	-0.482887345	-1.049044807	0.214346537	-658.5925926	-111.3465616	-12.26587297	-6.626641938	-296.2147252	-41.43959508	-238.917988	-6.850088183	-2.338923121	2.18236976	-50.59514444	-2.142351475	1.804393685	-3.946745421	-1.35014417	0.265824316
Megathyrsus maximus	inv	1	1	1514.534557	1.008141649	1.310205996	254.5181786	28.3884	8.83496085	22.12897574	24.79024863	18.8249197	965.5827633	182.5731874	13.47058824	78.35072757	473.9384405	54.17647059	322.6183311	155.1586867	12.1082367	63.891934	247.6915114	31.1149228	11.64939579	19.465527	23.90531529	19.47593197	259	226935.4885	7.670014249	23.86286635	0.48297976	3.385111466	2.267234381	4.764195912	-110.6575887	-1.199037547	-1.797118736	1.618623903	-13.65952914	-7.754701641	-163.6795557	-22.62807384	-2.20818007	4.961972982	-103.4806126	1.9619481	6.966930639	-5.004982897	1.938902399	5.608535006
Melia azedarach	nat	1	0	981.75	1067.226	12.198	243.6443836	93.484964	8.525970763	21.8196554	27.31028552	15.95028482	1635.433594	323.8320313	36.0546875	78.80203325	809.0546875	132.1953125	476.2421875	230.5234375	9.569752457	45.88256782	463.0101277	33.29035593	9.889811409	23.40054455	24.90923781	17.84497978	236	79880.9047	6.439793142	16.57592107	0.700438846	3.105653255	-0.716458233	6.9244064	-829.3965578	-166.8196853	-23.22752712	-2.709758191	-402.1658003	-83.71383038	-290.3286069	-101.5357827	0.911111715	21.78853816	-309.3203185	-0.324923726	7.566978632	-7.891902318	0.450227334	6.368394745
Melinis minutiflora	nat	1	0	848.58	0.096	0.758	254.8202375	28.388399	9.463278973	20.43630252	22.11225204	18.37478446	1414.553333	256.12	14.73333333	75.62280867	678.5866667	64.04	404.0266667	285.52	10.99273559	68.76655983	155.5048585	28.33134669	12.05634555	16.27500111	21.1268919	19.0719917	235	8484.962304	10.2165124	9.342805952	0.329121652	2.911818342	2.859316574	2.820967182	-571.298429	-105.2964724	0.835294052	-6.796205064	-284.4886245	-5.549803828	-189.5364691	-150.7160779	-0.47361801	-1.006076817	0.592730463	2.962770957	3.751497261	-0.78872673	2.910036053	3.356439638
Melinis repens	inv	1	1	369.69	0.303	0.55	254.5506095	28.388399	8.802120379	20.1870772	23.51929931	16.07490683	756.3077905	143.0063857	9.001277139	79.67434009	379.6756066	35.11877395	249.6002554	108.4572158	13.18651271	60.5380582	309.2163244	30.33898741	8.051180253	22.28780717	22.23084922	16.88672175	166	103246.5859	9.879596581	114.4258296	0.567358058	5.022502271	3.31460484	7.082132679	14.88855704	30.57580598	-0.535523685	8.413260295	52.14859528	-1.938408613	-86.58199051	2.321323076	-2.740260813	7.662792977	-157.8621418	2.91306731	9.8168562	-6.903789032	3.581441508	7.562364977
Mirabilis jalapa	nat	1	0	2048.684162	69.698	1.5	246.5205432	86.020247	9.23009005	19.95770771	22.78416439	16.60757078	976.45629	202.4200426	13.62686567	89.76447282	528.4754797	50.21535181	326.7334755	76.01918977	14.4478427	64.26314985	253.5120409	30.94333657	8.245739675	22.69759695	21.76281849	18.46044191	244	80949.20704	5.828632935	18.40434907	0.335744723	4.615245462	3.120513656	6.286873635	-5.351020396	-0.051621993	-1.153181536	-8.387397017	-13.24741225	-1.917105956	-168.6808437	165.5422146	-4.343456674	6.34251546	-128.4601495	1.028593279	9.359523583	-8.330930309	2.953555555	6.077277318
Momordica charantia	inv	1	1	3019	62.303	1.225	244.0202449	53.597432	8.134379318	24.55882435	27.51023415	21.1347604	1443.714964	287.7577197	18.11163895	83.55354767	733.1686461	74.13064133	425.8123515	216.0142518	9.765358404	59.10928345	260.0881026	33.32330457	15.2728927	18.05041188	25.74391934	22.31546099	244	196120.8218	13.39505776	36.65406321	0.505717579	1.24027575	-0.110273335	2.725020526	-635.2666102	-107.011242	-8.780653073	3.797595886	-283.4432939	-37.47571168	-280.3780796	-80.36636436	0.59129262	9.721261141	-113.821386	0.424817548	3.369360892	-2.944543316	0.367974291	3.006761289
Morinda citrifolia	exo	0	0	9050	14.99	6.09	227.5803497	34.637399	13.88002684	25.98415473	27.77774418	23.85786853	2093.855505	404.0206422	47.64220183	76.02784578	1047.84633	169.2155963	569.7155963	386.9747706	8.444008821	65.15195441	159.6738549	32.57628832	18.84568827	13.73060006	26.58686589	24.68269737	138	396264.5381	14.62552639	8.887874891	0.438461653	0.672135993	0.361471294	1.292131311	-1207.933944	-184.765741	-40.995143	22.25974582	-513.0620195	-142.4312832	-464.1665744	-234.9747724	1.845696905	5.29925427	-36.01624975	1.804103414	0.824900003	0.979203802	0.004637364	1.677433281
Moringa oleifera	exo	0	0	1411.852597	239.255	14.6304	244.1744127	114.804664	8.804018749	26.41915742	30.79238239	21.59221484	1328.525862	372.9224138	4.224137931	115.8245711	892.6206897	26.56896552	256.862069	198.8103448	10.8898617	49.19260111	369.7533041	37.59921233	14.39662759	23.20258476	27.51192223	24.23725013	224	151710.3022	6.988185893	17.87116071	0.55541369	-0.220407436	-3.021086205	2.813896369	-506.0258661	-173.8779698	2.598084278	-20.31938589	-406.6095802	1.253256922	-119.7398463	-102.6103442	-0.312917161	20.13209194	-233.0075421	-3.284767601	4.547816807	-7.83258462	-0.965070561	1.47645347
Nerium oleander	exo	0	0	1981.39	3.491	3.262	227.3480847	29.52849	13.85936464	15.91278983	23.21319834	9.047306541	765.3655589	125.496811	21.37562941	53.09192259	328.18429	81.77005707	134.0906344	215.1930178	9.794411042	38.58524301	581.5551926	29.9501639	4.177868908	25.77229497	13.74214209	19.66507842	422	201317.5316	5.682584822	49.35122257	0.597387648	10.63906208	4.759023921	15.90713796	72.87887468	79.14763581	-15.33118499	43.96046643	178.4823787	-56.43672386	-30.00174589	-80.45968497	0.515218526	33.38595043	-457.6389809	4.234280655	15.57324231	-11.33896171	12.84637668	6.832329108
Nicotiana glauca	inv	1	1	5515.04	0.032	3.862	230.9951606	59.8247585	7.818589851	17.60827741	22.76287203	11.97836921	713.6704545	115.7045455	17.53787879	66.51493074	311.8636364	60.40530303	285.7272727	64.125	13.22121767	52.5831267	440.9787347	30.0372152	4.577676772	25.45953837	21.91358584	12.35583052	198	304095.8546	8.517423569	158.004069	0.545710706	7.680010053	4.29457359	11.00330318	-115.9591147	21.32981915	-11.50351452	20.96260345	16.3425492	-35.03760537	-148.7100906	14.97122041	-2.591549914	14.3573722	-272.4460131	3.638042567	13.17764962	-9.539607089	4.227078567	12.07263449
Nicotiana tabacum	nat	1	0	9050	0.043	1.709	229.3529681	59.825239	11.04965536	19.28616668	20.13789897	18.26727276	1405.212121	195	52.90909091	52.8674567	542.030303	180.4242424	393.9090909	194.030303	11.78635353	79.74155542	78.1275629	26.42896973	11.55963629	14.86933344	19.60652522	18.49814148	292	1589.277568	9.063605505	6.512329762	0.274865434	4.644944653	5.416545538	3.506060597	-597.1787838	-28.60000229	-42.60909086	28.72498486	-124.8303061	-142.1909095	-206.5424245	-60.59696992	-1.469686927	-12.36431504	76.83522206	5.474363362	4.970363726	0.504000014	5.131252491	4.755747417
Nopalea cochenillifera	nat	1	0	27884.43	5.449666116	1.142580506	243.2882305	11.822018	17.78491021	24.11748045	26.21870591	21.55023541	1280.588235	259.5882353	15.88235294	89.42104766	690.7058824	55.11764706	419.1764706	69.94117647	13.27849035	67.05545538	191.4500694	33.75882407	13.92611762	19.83270645	25.33756862	22.56733345	177	268828.3116	7.33377674	3.973790124	0.368589329	1.624463676	1.246849666	2.081986573	-337.2549101	-88.58823377	4.584313757	-23.86306121	-243.5058854	18.54901973	-277.1764706	292.3254907	-3.127934927	1.304983161	-29.10819321	-0.198824602	4.760548872	-4.959373093	-0.265346482	3.775999989
Ocimum americanum	nat	1	0	683.3857192	0.881	0.509286373	226.1059665	26.486808	8.503931413	22.17560024	25.36894157	18.25347483	900.9382022	196.2022472	12.62359551	87.42508929	481.494382	48.25842697	279.5168539	98.88202247	12.44599768	60.50209463	291.5651612	31.84923626	10.46267355	21.38656266	24.27896554	18.99707088	232	280228.0366	7.217026864	10.06027956	0.597204514	3.437107942	1.821614093	5.362080838	-129.371532	-42.65224757	-1.02359547	-12.88522675	-91.57771485	-1.641759863	-113.100187	14.98464342	-1.978636513	8.354718416	-141.8491423	1.724096809	7.852326366	-6.128229214	2.121867873	5.912929062
Ocimum gratissimum	nat	1	0	5678.73911	0.972	0.803867371	226.555812	26.486953	9.209738286	22.50300203	24.68804695	19.90929785	1256.862816	255.3862816	15.64620939	82.09551715	628.7761733	66.92057762	357.1407942	196.2635379	10.90211454	65.72805128	195.9572343	30.74580728	13.52894547	17.21686177	23.50524033	20.86424091	243	290144.2888	9.551612625	15.09915419	0.459170536	3.434132567	2.836952972	4.064093984	-402.1172048	-74.1055795	-3.856735752	-0.431598402	-169.9954738	-22.42057752	-209.9565828	-20.789854	-0.840418668	2.939689794	-48.42725815	2.845420757	5.330703765	-2.48528277	2.488619208	4.912952054
Oeceoclades maculata	nat	1	0	6804.974365	0.039834615	0.283	259.0491953	42.358034	8.950685116	23.75334988	25.12373352	21.84440002	1397	307.9	3.9	92.10415192	745.9	21.5	339.5	89.8	10.79150004	66.47795334	135.9256435	31.49239998	15.17919993	16.31320019	24.1185997	22.4925333	236	140235.6695	7.095375747	6.315731352	0.158757475	0.70371791	0.933920712	0.561402384	-470.7851834	-125.6259249	10.7444444	-19.89532369	-278.8185184	34.20370382	-160.0777768	124.7185193	-0.923413674	1.545496368	16.21230024	0.568340895	2.289688857	-1.721348339	0.691523573	1.85845445
Oldenlandia corymbosa	nat	1	0	75	0.39	0.077	228.4070966	24.687774	8.526589585	24.73258801	27.00743254	22.26865347	1257.68	266.6553846	11.91384615	88.38682691	665.5938462	52.93538462	296.36	244.1661538	10.93286101	64.45724494	194.0879095	33.43475695	15.69696862	17.73778834	24.98892338	23.44033346	219	222372.3807	10.62244921	3.455156579	0.537684015	1.198866261	0.202044488	2.084941256	-297.3074594	-57.26322745	-0.247179506	-3.155187043	-137.4762027	-4.543228127	-134.6541184	-82.1269382	-0.783024326	7.566415829	-75.50863803	-0.148482658	3.363815717	-3.512298217	1.239507872	2.348228532
Opuntia dillenii	nat	1	0	1060.29	21.92	1.039230485	242.9992951	11.82202	25.13881924	24.30272174	27.57416807	20.44198671	1040.408163	189.1020408	25.90816327	68.47232908	480.4897959	93.34693878	337.5	126.5204082	10.99843394	59.42208356	293.4462805	33.62724693	14.35777363	19.26947329	26.39093873	22.44560287	140	264996.8312	12.27915534	5.13072604	0.562409728	1.163548022	-0.548771722	2.951267165	-195.408172	-15.67346884	-13.86054426	5.437409459	-42.89456146	-46.44217685	-163.2619057	12.21768835	-1.023830764	9.966433	-141.221403	-0.603436684	4.127940809	-4.731378156	-0.228240256	2.535349389
Opuntia ficus-indica	inv	1	1	1060.29	13.63	3.04	243.841159	11.822018	10.66859888	18.1693978	21.47971236	14.31718891	644.3289474	144.9561404	6.035087719	93.92962926	380.1929825	25.70175439	247.6096491	45.38596491	15.88741232	63.38463214	294.2686162	30.32055278	5.084657186	25.23589565	20.43740257	16.5653175	231	165071.274	6.33852177	18.6926662	0.233195883	6.226309242	4.670792709	7.943417163	19.51954118	-4.713717033	2.661881877	-13.22072048	-27.07176941	9.692185152	-74.15510506	33.25039942	-5.583371799	3.414610396	-131.2860785	2.109750443	11.90928213	-9.799531737	4.55754694	6.715490692
Panicum repens	nat	1	0	675	0.75	0.548	254.9505285	5.988304	19.57835166	22.30836427	25.70288362	18.58380801	871.2898551	172.9782609	8.557971014	85.26888159	441.8695652	37.83333333	192.1449275	224.3188406	11.3246241	57.80408558	295.1548989	32.10787674	11.89567467	20.21220209	22.08276954	21.77331959	219	542121.5252	6.708985942	3.090851892	0.557121464	4.409459708	2.567487178	6.310637087	-193.9009645	-10.08937156	-5.224637681	9.768445222	-41.70290364	-21.16666651	-77.08937219	-141.3188411	0.131394511	13.84613084	-157.4095192	3.036568365	7.204325071	-4.167757214	5.001489812	4.141494723
Parkinsonia aculeata	inv	1	1	675	109.858	5	231.7569418	17.037366	7.612074499	20.39910243	26.39774604	14.16678342	696.1474531	116.8114388	20.2922252	64.55580495	299.7399464	73.15638963	221.6353887	116.6577301	13.56858224	51.97733482	500.2082792	33.87224412	6.752356567	27.11988753	23.38065859	17.98098036	227	475319.1076	6.097091947	153.5392942	0.651673646	5.704291693	1.393365104	9.842730449	-10.78495633	42.81147815	-13.57764191	24.50469174	88.88713635	-45.22513955	-83.85205539	-33.48689673	-2.759988495	16.46620921	-344.2464169	0.554630806	11.83868506	-11.28405424	3.340695546	7.351866901
Petiveria alliacea	nat	1	0	7083.160566	13.54	1	246.6747822	142.881595	9.113346195	24.16791876	26.0925327	21.91982485	1597.737676	269.6778169	34.7693662	69.63497384	710.8309859	127.9137324	434.2869718	253.346831	10.87744431	69.26444618	172.6486547	32.08534817	15.85106375	16.23428444	25.19443595	22.96011838	293	317922.5088	8.866587595	19.78073165	0.712382341	1.836127187	1.458795798	2.318339514	-698.4623166	-54.36622165	-27.00125024	25.17661876	-178.432434	-96.74706553	-310.4174066	-79.07871536	-0.531912934	0.058988313	-37.30504975	1.839289501	3.064878254	-1.225588896	0.892037433	2.822248702
Physalis angulata	inv	1	1	3628.889433	0.56	0.526217867	230.6056741	25.279264	7.813048483	24.00738656	25.74063527	22.1108153	1688.27896	253.9125296	47.8321513	60.83305389	690.9834515	169.4018913	420.9621749	362.7021277	10.48916855	71.55718672	149.9869992	31.55230391	16.26054751	15.2917564	24.88886738	22.95027802	244	738563.0638	11.58982746	37.76304954	0.541044222	2.092241958	1.866664448	2.149585254	-910.9146229	-67.57144372	-40.78563966	32.77547895	-234.4912028	-140.3476276	-301.4350426	-220.5664686	-0.215492843	-1.597885062	-12.10197666	2.358548523	2.872785886	-0.514237083	1.559517503	2.906311053
Physalis pruinosa	nat	1	0	2167.641004	0.855	0.6	228.7891311	35.133112	22.23786241	23.38031256	25.70378836	20.94092833	1077.824324	236.7567568	6.094594595	103.1979231	614.8108108	25.18918919	323.2162162	65.55405405	12.76294591	67.42841664	194.7690855	32.81856081	13.60000454	19.21855634	24.73854133	22.50075824	173	163028.9756	9.01791126	4.732684366	0.220186813	2.172187212	1.647878093	2.252405296	-477.3576526	-80.69008958	-1.261261198	-6.646112638	-253.4441482	-5.889188903	-202.9495494	-13.25405539	-2.291834803	-1.027462583	-23.88616853	1.174771675	4.579995386	-3.40522321	1.817569622	2.043130619
Pithecellobium dulce	nat	1	0	2575.013273	65.671	20	227.844909	23.50361	11.49014005	24.27609029	26.78914161	21.48970672	1113.620743	219.5588235	16.66718266	86.84190133	569.3978328	64.89473684	334.5665635	159.3529412	12.80930898	67.95439063	218.3471313	33.81450126	14.25108297	19.5634183	25.66605279	23.42162136	62	339343.6713	12.34472395	15.37627014	0.536540461	2.236338436	1.293622009	3.288640882	-240.4839906	-16.67848041	-8.650088625	3.848487372	-64.59441141	-31.73234375	-228.0195552	-14.89994952	-2.620063902	1.880572362	-82.33439605	0.474387625	5.378831635	-4.904443828	0.780955884	3.165415747
Plantago major	nat	1	0	4852.23	0.22	0.167	228.2138834	102.320484	7.91736923	7.125305671	16.7429735	-2.265984699	755.4889457	96.62397604	35.91649784	32.33454163	265.2338589	121.1193517	216.5871576	169.8719281	8.457638406	29.76348377	776.3266868	22.92194037	-6.523006843	29.44494722	12.7228903	2.860602289	188	186851.1478	7.262217438	100.4633914	-0.138943049	16.98735771	9.004738584	24.25323935	93.66791649	62.47406392	-21.26943905	41.99322221	146.3543701	-66.64876286	-2.057747161	-22.5189879	2.337296316	37.56516721	-621.0034009	9.478059924	22.88967347	-13.41161389	12.04279585	20.05639136
Plinia cauliflora	exo	0	0	324.53	3.992292574	4.268940471	238.9783689	45.056939	8.939291607	20.93161994	23.62976244	17.84163261	1516.935484	228.7204301	48.30107527	52.00936165	624.4677419	171.1397849	530.6129032	220.0107527	10.85667525	62.25664775	239.6970968	29.19939393	11.46779599	17.73159791	22.88338807	18.34838321	191	9219.895296	7.099919284	15.52043666	0.129901324	3.227723258	2.115187243	4.315943174	-698.2385234	-66.05376668	-38.11925691	23.93031377	-199.1950174	-132.6549361	-322.1280549	-32.58651084	-0.773341883	5.479583278	-91.10471729	2.664242782	5.480688602	-2.816446309	1.935803778	4.915758045
Prosopis juliflora	inv	1	1	29.84625	38.377	10.058	229.9422652	57.250983	8.107096771	24.26259212	26.58488467	21.70435427	1029.253472	204.1111111	12.5	84.71675477	515.7256944	52.10069444	286.7152778	154.28125	12.32380254	70.31332187	201.2122712	33.24683676	14.78258692	18.46424986	25.64168595	23.21035687	118	365189.0708	9.542863323	14.54615802	0.431431464	1.803545251	1.121199872	2.338062076	-388.7508274	-44.53439198	-8.208994741	12.20743472	-132.8262242	-33.82556208	-162.2496685	-75.96378944	-1.647700314	-1.597724625	-50.97621674	0.993374846	3.862386725	-2.869011791	0.937238287	2.250577843
Prosopis pallida	inv	1	1	29.84625	45	24.331	229.3997165	57.250983	8.842901175	23.43849313	25.25960823	21.76100377	450.6666667	110.25	10.125	110.7190584	258.4583333	34.375	239.8333333	40.45833333	10.18873157	72.36867237	146.0657047	30.49688832	16.34585131	14.15103694	25.12832201	22.16106451	120	164647.0431	8.227705084	10.83923622	0.328499231	2.65788231	2.62128599	2.164605816	202.6910611	54.69308955	-5.263211425	-14.21361171	127.6880078	-13.14735777	-101.3536578	8.370935087	0.665536666	-5.108743737	15.3012173	4.143762081	2.131384505	2.012377645	1.744984362	2.875656422
Psidium guajava	nat	1	0	3048.58	10.326	9.134	239.7082181	42.881257	8.242965044	22.53184765	24.40611891	20.34654602	1541.21409	257.5205855	36.44373285	71.78353613	685.2186642	132.6559927	424.2406221	264.4492223	11.62358211	70.93239082	167.6176651	30.88636034	13.87688408	17.00947627	23.55267592	21.57572834	293	49918.99648	6.795844839	31.366197	0.647189331	3.100000319	2.791257664	3.404997232	-732.6585345	-77.01595567	-27.49002918	15.567119	-233.8344055	-97.55414084	-278.6063621	-120.708482	-1.170148435	-1.441081497	-25.20488423	2.677991647	4.543023428	-1.865031855	2.349561811	3.65297537
Ricinus communis	inv	1	1	21322.7576	332.116	4.966	236.9860563	64.349192	8.382414582	19.87098092	21.30441013	18.65869236	1023.576923	205.1923077	12.38461538	81.88312677	518.2692308	53.11538462	228.1538462	235.1153846	14.08383329	75.73741003	108.3838466	29.1627691	10.53153856	18.63123035	19.68515385	19.21512813	293	123007.9508	7.467447733	47.46330534	0.043153013	5.84848419	6.023699301	5.128372264	-212.2833913	-16.58534221	-4.8522771	9.125593853	-50.87619465	-22.78205114	-102.2981247	-104.5034453	-3.881055443	-7.157738998	37.33941507	4.481509614	8.158013676	-3.676503893	6.330932386	6.27094148
Rivina humilis	nat	1	0	4885.023963	3.203	0.6	246.8594849	142.881594	8.384326651	22.07563514	26.20670224	17.46146537	1182.582176	197.3217593	31.46643519	62.58274498	512.8148148	113.9108796	354.6232639	175.1927083	12.05777392	58.33015932	358.2648807	32.75834102	10.6438482	22.11449283	24.78797616	19.17300098	422	291495.8705	7.975717787	41.50983383	0.543806315	3.207127416	0.717194238	5.728184503	-412.3995311	-37.84687324	-20.1650653	14.24587705	-113.1481468	-69.22138184	-204.5502044	-34.270334	-2.115536526	9.636422621	-202.6899351	0.243485492	7.66665401	-7.423168637	0.964535273	5.805918322
Saccharum officinarum	exo	0	0	24907.09492	0.4	2.691	256.2647573	16.2589268	25.00591836	21.64963027	24.68905258	18.11904694	1835.882353	295.8235294	64.52941176	50.53925071	783.2352941	225.2941176	695.4705882	265.2352941	8.224080563	55.55681677	267.2725778	28.79464755	13.22439365	15.57025393	23.15720923	19.85719204	178	307773.7677	6.534665427	6.167405782	0.463289451	4.366110764	2.892428716	6.322619663	-923.3268008	-72.10131058	-58.97385634	49.70230355	-234.6241847	-204.1274511	-603.1928106	-47.51307688	2.210178534	13.71563018	-138.2619329	5.288686098	5.631161727	-0.342476293	2.894642998	6.1094745
Senna siamea	nat	1	0	675	24.131	9.487	231.610146	59.49555	8.59978436	24.57368774	26.97095011	21.41500091	1670.283582	285.4477612	36.56716418	69.91684646	762.0447761	133.3283582	529.1492537	240.4328358	9.790251141	61.0588203	230.4684952	32.5217025	15.08862579	17.43307677	26.01716207	22.01208403	143	198762.8073	12.45278248	8.448969285	0.009831997	1.217361477	0.415161041	2.558764467	-851.8021063	-98.0033176	-28.25234948	17.53038441	-296.0447753	-99.51354359	-398.5936987	-97.56246633	0.500798154	7.741206702	-89.88294869	1.244964128	3.670633324	-2.425669426	-0.06747093	3.512298564
Sesbania virgata	inv	1	1	7206.740976	20.3204	1.949772845	231.0432791	33.452912	11.92801647	20.34976947	24.63065042	15.83611227	1235.486339	171.9726776	43.96174863	45.43212414	466.7431694	151.0382514	413.6612022	162.579235	11.31365201	53.73592066	359.6971048	30.91366589	9.488585857	21.42508004	23.31404554	16.33830096	82	109628.8338	7.2442521	39.95272074	0.33937216	5.229466468	2.710460666	7.540276659	-560.8196701	-23.0393463	-35.74508196	37.27989159	-103.8598358	-119.1215846	-279.3445358	-52.07923478	-0.611568616	13.63872228	-195.2261011	2.998000412	8.578080794	-5.580080111	2.796509821	8.681421507
Sonchus oleraceus	exo	0	0	2619.09	0.287	0.795	231.408686	55.662736	8.075832221	9.76148571	18.0333029	1.802165139	768.2070707	96.06721057	37.43881119	30.70109578	264.6524864	127.2937063	196.7078477	192.0668221	8.574355067	33.49155191	665.4007142	24.21611164	-2.224209752	26.44032142	12.15827342	8.046290063	234	18742.24333	6.534547959	138.6473613	-0.476059226	14.00981059	7.436394243	19.68386174	-38.56060483	38.5994561	-23.43881109	39.90093084	76.90306761	-73.19269601	-4.334111413	-68.52136709	1.726486727	33.31781564	-499.5569212	7.604090405	18.61006832	-11.00597793	12.44913407	15.03535989
Sorghum bicolor	nat	1	0	13406.48	11.183	1.609	257.6216837	13.3904208	11.38448997	22.89969491	25.55084167	20.2800435	910.2816594	197.1659389	8.759825328	86.87085701	494.4148472	37.2139738	193.19869	217.058952	12.73714464	65.36076934	216.5517745	32.805746	12.70888757	20.09685845	22.53410235	21.27979421	154	574023.9913	9.938267825	7.265474099	0.629093552	3.455687052	2.318255681	4.315095403	-94.46916511	-14.14510442	-1.488991925	3.22487043	-33.76901605	-7.401473918	-41.59452321	-81.91311853	-2.219089199	4.919843369	-81.99640823	1.425503933	6.474445526	-5.048941803	4.07249495	4.592427858
Sorghum halepense	nat	1	0	5260.54	3.464	1.406	256.2545396	13.403397	17.23281716	20.21641527	27.0369421	12.84584861	714.3888889	200.4444444	3.944444444	107.375074	480.4333333	18.77777778	108.9888889	196.1555556	11.29297456	41.92173261	580.2806549	33.87234308	6.532056285	27.34028687	16.31464752	24.34278504	243	117924.9787	6.657906655	15.25315881	0.635490113	6.960581202	1.663405204	12.69304032	155.0069336	28.65972159	0.472222153	-0.833378214	80.71250827	0.972222222	-0.00972262	-112.1347225	-0.900439943	28.4036625	-453.0007772	1.306823232	13.82002716	-12.51320352	11.00340799	2.465895377
Sphenoclea zeylanica	nat	1	0	3961.849468	0.01	1.5	232.4511107	113.092924	18.5995544	26.18434547	28.24324637	23.86338322	1286.384615	313.6153846	11.42307692	101.2355713	763.8461538	50.30769231	356.4615385	336.7307692	10.59201334	64.42794844	180.8841782	34.02939166	17.43895241	16.59043914	26.76849439	24.98061767	240	192106.8237	7.123513116	1.587803542	0.351288617	-0.090153654	-0.314963547	-0.114393421	-593.8694648	-144.2820494	-5.998834513	-4.709222887	-367.9370629	-25.91375294	-226.279722	-243.8216778	0.051925938	1.310099768	-8.509006847	0.649396269	0.942865495	-0.293469376	-0.017484185	0.211301483
Syzygium jambos	exo	0	0	61.83	2380	15	240.1219318	71.750999	8.40542849	26.16211141	27.26071129	24.74551099	2197.266667	329.1333333	94.26666667	49.64846032	861.8	323	519.4	566.6	8.931199964	75.74318441	102.6066577	32.35226644	19.66533337	12.68693314	26.12715556	25.27742221	307	11524.95514	8.953628401	18.04626752	-0.063760422	-3.350629807	-2.859600067	-4.062918218	-1357.333337	-176.4666651	-80.35555566	23.27878017	-458.1111125	-272.4222221	-256.9555552	-478.0888893	2.537318611	-7.615791829	49.1148646	-1.018933233	-5.19866689	4.179733658	-2.372711309	-4.087051773
Tagetes erecta	nat	1	0	2062.398	3.285	0.19	230.3097267	20.093289	8.550631464	21.27347361	23.56800106	18.53657339	1191.058968	243.4275184	15.74201474	92.06369498	648.3759214	55.95577396	373.8648649	82.72727273	13.67804194	66.4037116	206.1182484	31.38458324	10.63561976	20.74896353	22.56032216	20.03808824	246	128508.4611	6.844139497	4.221987308	0.355445887	2.138629497	1.462157393	2.604696565	-471.5827936	-111.3799001	-2.456300593	-21.70555922	-311.6140108	-6.431964795	-151.4362934	22.84415584	-3.257010325	1.150368823	-43.39791365	-0.10363051	5.245332942	-5.34896323	1.851582307	2.262705543
Tagetes minuta	nat	1	0	1934.092379	0.84	0.739	230.1616736	20.093289	7.856807805	17.69903072	22.06516344	13.05465307	1091.147799	154.4937107	41.13836478	51.68641095	418.2861635	141.8899371	358.1855346	183.4245283	11.86385616	55.41549745	368.6406847	28.60417664	6.465441308	22.13873533	20.4155019	14.30250694	244	1603.121024	10.4143581	62.41247908	0.609999423	6.395590454	3.774735555	8.7837308	-337.6508283	2.518409642	-30.71412244	27.03183044	-29.40131245	-101.1202403	-184.0764436	-55.58816517	-1.272189502	11.40625097	-202.9767382	3.840065877	10.09577085	-6.25570506	4.553083928	8.937695179
Talisia esculenta	exo	0	0	5958.05	587.2966667	9.208511186	243.2366581	61.165864	8.253589377	24.46347129	26.06251327	22.30796639	1454.461538	241.7008547	26.48717949	66.34939449	663.0854701	98.00854701	413.7948718	236.4615385	11.17359531	67.8854733	159.8110812	32.10951357	15.47736403	16.63214951	25.40079932	22.73297383	233	762730.9056	9.871852152	27.34252811	0.03903	0.620345903	0.61829474	0.905333306	-587.2948741	-40.02408799	-19.74475526	26.1978584	-161.6763799	-70.82167821	-267.9665897	-96.2544681	-0.77624674	0.604817081	-18.50593037	1.046547055	2.419100635	-1.37255358	-0.002398579	1.954989133
Tamarindus indica	exo	0	0	23653.92177	716.86	12.19	236.0655334	80.403348	8.525458883	25.84845944	28.32090585	23.48762776	952.1723356	220.6530612	5.421768707	101.4398278	558.0793651	23.88888889	227.5623583	236.0068027	11.75118504	63.5721754	199.5209744	35.14163597	16.38392514	18.75771086	25.65991539	24.51354754	422	219755.4627	10.48746555	11.88892242	0.601429667	0.409287315	-0.450535538	0.896076108	-177.7871529	-39.3123206	1.822675763	-11.18313449	-110.3386231	6.266666847	-107.0882834	-102.1697659	-1.303839374	5.542340366	-56.24770148	-0.863858068	2.710148939	-3.574007097	0.794158702	1.276576038
Tecoma stans	exo	0	0	6844.357516	6.077	6.09	225.8234039	80.5787478	15.00944264	21.09432303	24.45478476	17.37544632	1023.506909	188.4087273	19.95854545	78.08553535	490.9883636	74.86254545	320.2749091	145.1774545	13.2549502	64.30924799	291.0432387	31.70011248	9.95055453	21.74955794	23.35079505	19.64664627	189	406.927456	6.7490868	9.701846305	0.73998324	5.061324883	3.312993125	6.87529475	-265.5958048	-16.03094814	-10.78076778	7.143861467	-62.96613972	-36.86254558	-194.8082424	-25.53300925	-3.005135531	4.717036296	-146.3918921	2.350998866	9.205000877	-6.854002505	3.05957533	6.318538766
Terminalia catappa	inv	1	1	13078.42	2840.912	13.71	243.5203341	52.704007	12.96694741	26.17205471	28.48039372	23.68145214	1836.189944	358.9553073	42.35195531	79.18589911	912.6759777	152.2346369	449.273743	365.1201117	9.032017239	63.11945241	193.147012	33.88833674	18.28757058	15.60076616	26.56878924	24.9746812	240	209328.2099	8.170981966	7.604645331	0.427196311	0.518917537	-0.436412328	1.559751567	-932.1760612	-144.6219727	-33.06028878	15.2837076	-377.8287544	-117.8040814	-332.2459647	-237.6478878	0.569603177	8.015343894	-77.45982367	-0.049447375	1.930484949	-1.979932602	0.176349721	1.600318843
Thunbergia alata	nat	1	0	4503.917799	25.8	1.229667917	226.4433908	69.475678	13.87033283	18.85223805	20.91417885	16.4213711	1041.165493	184.7957746	22.58098592	64.81064458	461.7253521	87.08802817	309.8802817	146.6443662	11.30440192	67.62011993	185.2276324	27.09788808	10.00224438	17.09564372	19.71997793	17.4066219	191	102868.5005	6.341372026	7.141784723	0.395275552	4.873159064	4.213599069	5.347676505	15.6916499	11.82327115	-5.580985779	5.9088907	54.75083546	-23.27850418	-110.1183787	76.49848768	-1.908369994	0.380728025	-44.38624918	3.816397576	6.997755351	-3.181358062	4.073672837	6.211632353
Tradescantia zebrina	nat	1	0	15.6624309	2.49996	0.214670593	261.0360575	19.840317	27.16996517	23.01081685	24.91627239	20.72433101	1851.810924	321.6428571	31.84453782	74.13103179	843.7478992	118.9705882	451.7310924	309.092437	11.35902823	68.0079862	172.4388741	31.48126771	14.43687324	17.04439448	23.92175714	22.22255091	117	32531.70176	10.425824	4.255983772	0.132654337	1.508782216	0.73125891	2.288014406	-769.7368514	-107.3095221	-14.88157492	0.54351477	-292.2664149	-58.48910721	-285.5088679	-81.09243697	-2.546373838	3.005672539	-61.12852775	-0.555342352	4.037200702	-4.592542848	1.076391251	2.558930728
Tragus berteronianus	inv	1	1	172.6204191	0.257	0.45	254.8520624	25.855332	8.924623933	17.94261216	23.28251263	11.7425244	590.375	106.9431818	9.712121212	69.28889112	281.280303	36.31439394	252.9507576	45.17045455	13.76290951	53.50854015	472.4764219	30.20338631	3.409472198	26.79391415	22.58041411	12.00780215	222	183210.8851	8.506595225	158.2924487	0.701230714	7.987881433	4.356723498	12.03599736	62.69047819	48.07765181	-3.209145042	20.5709538	93.9458874	-9.391774784	-121.974567	41.8712119	-3.270374796	14.21473942	-312.7348241	3.926077972	15.16969447	-11.24361657	4.008375543	13.21010445
Trianthema portulacastrum	nat	1	0	713.2616813	1.477	0.05	245.4784259	149.752278	14.42381145	22.73205271	27.97913783	17.24170885	817.6380368	171.4331288	12.89079755	83.97761745	432.1092025	49.6208589	243.5300613	119.9680982	12.93565444	54.71609102	438.6667722	35.16642873	9.907416041	25.25901267	25.18711896	21.74025709	101	546401.4848	7.88417297	18.95497804	0.710894265	4.468789018	0.691905852	8.297348561	38.68519613	41.36484988	-7.163524848	17.16313702	92.10291876	-25.85318204	-123.1159202	26.47634528	-2.665452436	15.93706746	-310.8098753	-0.204813025	10.41682629	-10.62163912	2.155641993	5.170854109
Tridax procumbens	nat	1	0	468.02	0.69	0.833	230.3949342	19.326858	7.857108086	25.13125675	26.44368927	23.70939402	1652.298246	278.1637427	29.44444444	65.73608236	717.4561404	107.8245614	363.7894737	298.8245614	9.108420709	71.28685749	112.7437088	31.53791936	18.69032864	12.84759072	25.47700833	24.52145889	85	354625.6179	8.223316412	64.86580567	0.209493481	0.733647827	1.053201215	0.193383683	-858.156453	-94.00453875	-21.3648425	23.80628584	-262.7123596	-75.61809369	-233.0805183	-171.8792878	1.160028714	-2.995631149	35.69677231	2.315314379	0.052954914	2.262359474	0.651888908	1.023400127
Urochloa arrecta	nat	1	0	1836.854645	1.52974	0.633226914	256.8464	28.388408	25.9004115	20.79869143	23.21476555	17.77311085	914.8518519	152.2592593	18.92592593	68.1100567	409	70.59259259	302.5555556	97.74074074	11.46049376	62.70463039	225.7037717	29.28103708	10.60814814	18.67288886	22.80335808	17.93641952	93	31917.49222	5.910341608	14.52627071	0.547168285	6.623530388	5.886160215	8.195407726	128.592596	127.6296237	-13.03703693	40.30891531	267.8888957	-41.2592591	-203.1666662	21.42592529	-1.201234376	6.938882333	-97.76134053	6.213407446	10.13629607	-3.922889021	4.195715904	9.257099434
Urochloa brizantha	nat	1	0	2287.22	0.9361936	1.001	254.5156131	28.3884	9.727072729	21.91672067	23.45543497	20.22834603	1195.557143	223.6047619	10.32380952	79.8157196	578.3619048	47.1	264.6619048	224.5619048	11.44956187	69.55602252	134.447962	30.28933328	13.45521906	16.8341142	21.97000635	20.90126037	127	76579.04538	10.02492166	9.513695058	0.269064234	2.514390473	2.714564982	1.830172448	-428.3571469	-105.2269858	9.36507928	-22.3936414	-251.4952371	24.32222328	-65.41745845	-46.65079446	-1.757710125	-3.778935877	39.10484761	1.601777713	3.735892122	-2.13411452	2.476660111	3.088739404
Urochloa decumbens	nat	1	0	981.62	3.336	0.55	243.338353	28.388399	9.721040346	20.34154602	21.08442286	19.56289563	1183.768657	182.3656716	22.03731343	57.15202959	464.7164179	96.28358209	262.8507463	229.4626866	11.08881841	79.72053773	64.22849238	27.48838806	13.45277613	14.03561192	20.39156218	19.99165174	95	150148.4155	6.2420744	20.32127295	0.490851655	4.91877165	5.808037556	3.772421843	-339.4115204	3.896231849	-10.29921812	24.51803125	0.188341088	-49.04548633	-106.7316977	-117.0103052	-0.859056542	-11.7353551	82.86440885	5.649706977	4.613890605	1.03581665	5.292961671	4.801999022
Urochloa mosambicensis	inv	1	1	2012.987442	1.225	0.3362	254.9095876	28.388399	11.29872859	21.10651926	24.47035272	16.71980226	693.7945946	132.2054054	8.2	79.38651319	349.4054054	31.40540541	299.3243243	38.15135135	13.1517054	59.75459991	322.9809087	30.58438654	8.326929769	22.25745674	24.14350087	16.84945693	86	206610.5795	6.439601163	26.22210561	0.58481675	4.729939189	2.945272376	7.128461482	51.43457144	39.73209555	-0.637499925	10.05901222	72.84459269	1.282094595	-163.4909911	69.80698143	-2.715247107	9.281615161	-176.065153	3.265613487	10.31265352	-7.047040064	2.241916115	8.623459677
Urochloa mutica	nat	1	0	2125.29979	0.9876	0.917513571	254.8212858	28.388399	12.05718284	25.96830435	28.87491598	22.97842444	985.0649351	215.4415584	6.376623377	101.7888481	523.7662338	36.22077922	206.2207792	220.3116883	11.11282249	61.71553342	240.6576041	35.34621719	16.4342153	18.91200188	24.85670366	25.76816997	243	195859.9393	8.702437738	3.441078681	-0.035559504	0.615660172	-0.726178504	1.846322989	-230.7164507	-26.75973957	-0.346320364	-4.4487163	-68.93289581	-11.11471872	-88.96320323	-101.9783556	-0.803984035	8.140575508	-102.7304602	-0.853792835	3.24154237	-4.095335106	2.010215512	0.393193629
Urochloa trichopus	exo	0	0	1414.841633	1.33	0.25457299	256.4690637	28.388379	12.90037378	21.27154812	24.58040667	16.96432786	710.2252252	137.5045045	8.297297297	79.90807769	359.8738739	31.26126126	299.6576577	40.71171171	13.09726786	59.99528844	317.4610749	30.73650905	8.625327357	22.11118165	24.20220389	17.09921349	86	188976.726	6.249824458	21.64103797	0.674587677	5.141165595	3.41446535	7.604902738	58.1337507	53.88011264	-2.451143378	17.17109753	110.0748449	-5.209979039	-194.4525298	42.74982675	-2.476541425	9.693758863	-177.6136736	3.822464704	10.60287788	-6.78041284	2.668308854	8.972153922
Vitex agnus-castus	nat	1	0	3467.996078	8.657	3	226.4338535	20.136192	14.79099927	14.23676135	21.85494326	7.185932423	714.8705967	98.87562904	26.6736161	42.58807358	267.1279655	97.04457225	110.7390367	229.635514	9.300199466	36.47341345	603.7823295	28.3736548	2.860505097	25.5131497	11.37253006	19.21337778	160	145953.3087	5.682574763	105.4347967	-0.438218008	12.62643284	6.412120285	17.92676586	109.9627337	95.00532297	-17.93552094	50.22785066	212.0148949	-64.90171521	22.8085822	-113.540275	0.503967192	34.54408238	-473.9993501	5.821583313	17.38949518	-11.56791172	15.87469203	7.240987268
Zea mays	exo	0	0	31173.3	232.285	2.08	255.9365344	29.7497008	19.73612332	20.7530615	23.8332811	17.19706991	1099.663801	221.6620808	14.28116939	88.93702732	578.494411	53.80309544	347.5305245	112.7050731	14.20433478	64.18868547	272.2768226	31.7965742	9.104955083	22.69161906	22.83871937	19.23265922	174	84373.18451	5.946990566	44.79451391	0.389787494	4.93613595	3.461075234	6.536527984	-341.3780862	-58.23880056	-5.916090036	-5.465390809	-166.4097552	-19.7872227	-210.3559207	30.01450338	-3.947544651	4.57182523	-124.3622462	1.778029044	9.470706243	-7.692677185	2.957488601	6.224660009
Zinnia elegans	exo	0	0	2738.147591	9.003	0.4	230.901357	24.296074	11.80989844	22.99022212	25.36640995	20.27446056	1427.366167	271.7730193	19.93147752	85.75811908	712.1713062	75.16059957	381.9379015	201.4068522	12.78879798	66.92513907	208.7472822	32.63150587	13.05692081	19.57458505	24.25349767	22.07473356	216	261556.3878	7.096394226	6.303280174	0.294358777	2.371444623	1.453590129	3.234798598	-584.9883981	-93.57301876	-8.375922077	-5.438097265	-265.4824126	-29.31615479	-233.1601217	-44.54018615	-2.521020221	2.913144982	-69.53674704	0.432938992	5.211967981	-4.7790293	1.582428258	3.017488522
